0.000000 0.168400
0.000000 0.160084
0.000000 0.169268
0.000000 0.172710
0.000000 0.165329
0.000000 0.168848
0.000000 0.177689
0.000000 0.168600
0.000262 0.164719
0.000000 0.173235
0.000000 0.168648
0.000148 0.160198
0.000000 0.169497
0.000000 0.172615
0.000000 0.165043
0.000000 0.169029
0.000000 0.177402
0.000000 0.168371
0.000000 0.164795
0.000000 0.173054
0.000000 0.167150
0.000000 0.158720
0.000000 0.167284
0.000000 0.171223
0.000000 0.164261
0.000000 0.168858
0.000000 0.177031
0.000000 0.168095
0.000000 0.164986
0.000000 0.173178
0.000000 0.167723
0.000000 0.159836
0.000000 0.168638
0.000000 0.171461
0.000000 0.163784
0.000000 0.168629
0.000000 0.176716
0.000000 0.167589
0.000000 0.164995
0.000000 0.174046
0.000000 0.168200
0.000000 0.160084
0.000000 0.169029
0.000000 0.170956
0.000000 0.162945
0.000000 0.167809
0.000000 0.176058
0.000000 0.167313
0.000000 0.164537
0.000000 0.173388
0.000000 0.167379
0.000000 0.159321
0.000000 0.168200
0.000000 0.170755
0.009393 0.162020
0.009122 0.168381
0.009374 0.176477
0.009166 0.167398
0.019086 0.164595
0.018964 0.173168
0.018847 0.165348
0.018770 0.157833
0.009369 0.166264
0.009374 0.167494
0.000000 0.160141
0.000000 0.167017
0.000000 0.176296
0.000000 0.167751
0.000000 0.167141
0.000000 0.175886
0.000000 0.166912
0.000000 0.159264
0.000000 0.168257
0.000000 0.168591
0.000000 0.160456
0.000000 0.164356
0.000000 0.174093
0.000000 0.165768
0.000000 0.163774
0.000000 0.173292
0.000000 0.166149
0.000000 0.158081
0.000000 0.166483
0.000000 0.167284
0.000000 0.158453
0.000000 0.163288
0.000000 0.171242
0.000000 0.161543
0.000000 0.158272
0.000000 0.171070
0.000000 0.164022
0.000000 0.158100
0.000000 0.166168
0.000000 0.167770
0.000000 0.159216
0.000000 0.166759
0.000000 0.174379
0.000000 0.163059
0.000000 0.162792
0.000000 0.172081
0.000000 0.163851
0.000000 0.155468
0.000000 0.165348
0.000000 0.165892
0.000000 0.154829
0.000000 0.161591
0.000000 0.172186
0.000000 0.165062
0.000000 0.164328
0.000000 0.175524
0.000000 0.168886
0.000000 0.164280
0.000000 0.172033
0.000000 0.171528
0.000000 0.162592
0.000000 0.170059
0.000000 0.176182
0.000000 0.168839
0.000000 0.165434
0.000000 0.175457
0.000000 0.166140
0.000000 0.159197
0.000000 0.167780
0.000000 0.165491
0.000000 0.156355
0.000000 0.164766
0.000000 0.170765
0.000000 0.162783
0.000000 0.162134
0.000000 0.171919
0.000000 0.163441
0.000000 0.156803
0.000000 0.164928
0.000000 0.164566
0.000000 0.155840
0.000000 0.164394
0.000000 0.170298
0.000000 0.162992
0.000000 0.162802
0.000000 0.172968
0.000000 0.163307
0.000000 0.156879
0.000000 0.164833
0.000000 0.163965
0.000000 0.154953
0.000000 0.163918
0.000000 0.169992
0.000000 0.162497
0.000000 0.162554
0.000000 0.172176
0.000000 0.163059
0.000000 0.157423
0.000000 0.166245
0.000000 0.165405
0.000000 0.156603
0.000000 0.165663
0.000000 0.171633
0.000000 0.164385
0.000000 0.165167
0.000000 0.174570
0.000000 0.165768
0.000000 0.159597
0.000000 0.166740
0.000000 0.166492
0.000000 0.157127
0.000000 0.166683
0.000000 0.172186
0.000000 0.164413
0.000000 0.165453
0.000000 0.173998
0.000000 0.164585
0.000000 0.159159
0.000000 0.165462
0.000000 0.164328
0.000000 0.156479
0.000000 0.165167
0.000000 0.169344
0.000000 0.161676
0.000000 0.163088
0.000000 0.172863
0.000000 0.162992
0.000000 0.157022
0.000000 0.165806
0.000000 0.163898
0.000000 0.154686
0.000000 0.163889
0.000000 0.169125
0.000000 0.161552
0.000000 0.163212
0.000000 0.172997
0.000000 0.163794
0.000000 0.158482
0.000000 0.166035
0.000000 0.163479
0.000000 0.154600
0.000000 0.164070
0.000000 0.168953
0.000000 0.161467
0.000000 0.163975
0.000000 0.173264
0.000000 0.164175
0.000000 0.158968
0.000000 0.167360
0.000000 0.164185
0.000000 0.155258
0.000000 0.164871
0.000000 0.169487
0.000000 0.162106
0.000000 0.164080
0.000000 0.173273
0.000000 0.164003
0.000000 0.159464
0.000000 0.167074
0.000000 0.163622
0.000000 0.155544
0.000000 0.164986
0.000000 0.169020
0.000000 0.161800
0.000000 0.164824
0.000000 0.173464
0.000000 0.163975
0.000000 0.161810
0.000000 0.169907
0.000000 0.165482
0.000000 0.155621
0.000000 0.164585
0.000000 0.168962
0.000000 0.160894
0.000000 0.164871
0.000000 0.173388
0.000000 0.164671
0.000000 0.160999
0.000000 0.168753
0.000000 0.163832
0.000000 0.156050
0.000000 0.165329
0.000000 0.168495
0.000000 0.161715
0.000000 0.165577
0.000000 0.174026
0.000000 0.164404
0.000000 0.159988
0.000000 0.168104
0.000000 0.164070
0.000000 0.155039
0.000000 0.164490
0.000000 0.167398
0.000000 0.159388
0.000000 0.164013
0.000000 0.171547
0.000000 0.162191
0.000000 0.158529
0.000000 0.169458
0.000000 0.164309
0.000000 0.156002
0.000000 0.165348
0.000000 0.168571
0.000000 0.161762
0.000000 0.166883
0.000000 0.174532
0.000000 0.166607
0.000000 0.163698
0.000000 0.170784
0.000000 0.165653
0.000000 0.156088
0.000000 0.164957
0.000000 0.168142
0.000000 0.160522
0.000000 0.165558
0.000000 0.174170
0.000000 0.165787
0.000000 0.162849
0.000000 0.171442
0.000000 0.165243
0.000000 0.157347
0.000000 0.166512
0.000000 0.168791
0.000000 0.160770
0.000000 0.165644
0.000000 0.174847
0.000000 0.165920
0.000000 0.162430
0.000000 0.171747
0.000000 0.163651
0.000000 0.156126
0.000000 0.162973
0.000000 0.165253
0.000000 0.156336
0.000000 0.162153
0.000000 0.169382
0.000000 0.160227
0.000000 0.158386
0.000000 0.170040
0.000000 0.163002
0.000000 0.154467
0.000000 0.163212
0.000000 0.164089
0.000000 0.155544
0.000000 0.161562
0.000000 0.170383
0.000000 0.162163
0.000000 0.158339
0.000000 0.168877
0.000000 0.162601
0.000000 0.154591
0.000000 0.162029
0.000000 0.165205
0.000000 0.153313
0.000000 0.161362
0.000000 0.168543
0.000000 0.159817
0.000000 0.156660
0.000000 0.166445
0.000000 0.153913
0.000000 0.150938
0.000000 0.158167
0.000000 0.162354
0.000000 0.153465
0.000000 0.162973
0.000000 0.172167
0.000000 0.163364
0.000000 0.162640
0.000000 0.172520
0.000000 0.165071
0.000000 0.157814
0.000000 0.165987
0.000000 0.166864
0.000000 0.157909
0.000000 0.166073
0.000000 0.173140
0.000000 0.164537
0.000000 0.163698
0.000000 0.173893
0.000000 0.165091
0.000000 0.158987
0.000000 0.167274
0.000000 0.167770
0.000000 0.158548
0.000000 0.167150
0.000000 0.174150
0.000000 0.165625
0.000000 0.164604
0.000000 0.174341
0.000000 0.165930
0.000000 0.159616
0.000000 0.168858
0.000000 0.169125
0.000000 0.160351
0.000000 0.168619
0.000000 0.173597
0.000000 0.164213
0.000000 0.163641
0.000000 0.172567
0.000000 0.162954
0.000000 0.156879
0.000000 0.167131
0.000000 0.171547
0.000000 0.161963
0.000000 0.171375
0.000000 0.178490
0.000000 0.170221
0.000000 0.168829
0.008266 0.179939
0.008185 0.170927
0.017744 0.164356
0.027252 0.173464
0.017683 0.172777
0.027552 0.163326
0.027440 0.171852
0.027559 0.178165
0.036917 0.170088
0.036908 0.170212
0.027356 0.179939
0.027285 0.170774
0.036821 0.164766
0.046352 0.172949
0.055744 0.171833
0.055819 0.162544
0.065298 0.171175
0.055746 0.177155
0.055762 0.169296
0.065393 0.169344
0.065367 0.179434
0.046364 0.170183
0.046394 0.164347
0.046373 0.172586
0.036896 0.170889
0.036879 0.161324
0.027434 0.170050
0.027333 0.176039
0.027145 0.168114
0.036710 0.169153
0.036874 0.179825
0.046308 0.172157
0.046206 0.167303
0.046126 0.176105
0.046330 0.174685
0.046203 0.165749
0.055925 0.175304
0.055781 0.184040
0.074901 0.181484
0.113340 0.189943
0.113191 0.209064
0.141938 0.214176
0.170799 0.230293
0.208954 0.247602
0.237649 0.267286
0.275954 0.281305
0.314318 0.353804
0.343077 0.333691
0.381200 0.261850
0.419537 0.261526
0.448276 0.268602
0.477252 0.255957
0.496315 0.234432
0.515500 0.235844
0.515752 0.229359
0.534754 0.217028
0.534781 0.225945
0.534869 0.232868
0.534942 0.230808
0.544411 0.244007
0.534912 0.267210
0.544618 0.278168
0.544580 0.356331
0.563621 0.480356
0.573293 0.624475
0.592325 0.807829
0.620908 1.149607
0.658837 1.259947
0.697185 1.376934
0.745070 1.432896
0.783122 1.440420
0.840383 1.456203
0.887972 1.494331
0.926352 1.506376
0.973936 1.515827
1.021600 1.558304
1.059771 1.602001
1.088419 1.632223
1.126979 1.653032
1.174472 1.659756
1.193615 1.676264
1.231781 1.702347
1.260518 1.749973
1.289078 1.776781
1.317712 1.826611
1.365481 1.827450
1.393917 1.888666
1.432158 1.909485
1.470335 1.949310
1.499143 1.940012
1.546614 2.003288
1.585138 2.044954
1.632829 2.050161
1.680500 2.081480
1.747467 2.108259
1.824049 2.177496
1.900316 2.239866
1.976900 2.282782
2.053301 2.305889
2.139267 2.330227
2.224973 2.339840
2.311178 2.353106
2.406519 2.385111
2.492441 2.410135
2.568846 2.439632
2.664405 2.441406
2.750236 2.448635
2.826548 2.463036
2.921923 2.482872
3.007782 2.513800
3.112891 2.537451
3.217970 2.556925
3.332650 2.587175
3.447104 2.609606
3.552402 2.622967
3.695873 2.655392
3.839138 2.658424
3.973168 2.682886
4.107019 2.700262
4.259979 2.714491
4.393887 2.718220
4.527741 2.712116
4.652058 2.718878
4.756882 2.731514
4.871578 2.738047
4.967223 2.745609
5.062680 2.758398
5.148645 2.764502
5.244248 2.769146
5.330141 2.776957
5.416101 2.791452
5.502176 2.795382
5.607281 2.799168
5.702863 2.810688
5.817434 2.822733
5.951244 2.832165
6.066180 2.847710
6.190503 2.856379
6.314773 2.865858
6.448668 2.878056
6.573045 2.898169
6.706988 2.912865
6.840960 2.922096
6.975007 2.956219
7.109264 2.963705
7.262269 2.978201
7.425004 2.994871
7.578179 3.014441
7.750625 3.030758
7.922947 3.051538
8.104727 3.075495
8.296234 3.086729
8.497132 3.113461
8.688482 3.129606
8.879851 3.140774
9.090429 3.141632
9.300723 3.155432
9.491880 3.163443
9.702410 3.174601
9.922354 3.193541
10.142225 3.212271
10.371956 3.217602
10.601452 3.225880
10.831115 3.248081
11.070233 3.270655
11.309517 3.281040
11.548696 3.297548
11.777984 3.311806
12.007535 3.320875
12.227287 3.330784
12.428417 3.337688
12.629258 3.338490
12.829778 3.346014
13.011487 3.357630
13.183536 3.369598
13.374752 3.376122
13.556183 3.386583
13.728250 3.393984
13.900241 3.400278
14.072125 3.411484
14.253691 3.420658
14.416139 3.419485
14.597441 3.424854
14.769519 3.430080
14.941512 3.430738
15.132768 3.435173
15.295259 3.441963
15.486411 3.449659
15.668355 3.452654
15.869394 3.460817
16.051269 3.466110
16.252432 3.468351
16.453632 3.471594
16.654703 3.477526
16.855955 3.483944
17.076275 3.486471
17.277293 3.496704
17.488034 3.504648
17.717911 3.517017
17.918938 3.528042
18.138996 3.535242
18.359155 3.532925
18.560045 3.537550
18.770330 3.543873
18.971151 3.544407
19.190748 3.542404
19.400729 3.546572
19.591963 3.542700
19.802260 3.541698
20.021868 3.541918
20.241846 3.545589
20.461981 3.545074
20.691645 3.551769
20.931074 3.558359
21.170477 3.562050
21.419520 3.565884
21.659007 3.574152
21.908075 3.577414
22.147749 3.578510
22.377690 3.583698
22.607732 3.589706
22.818618 3.588028
23.048664 3.590374
23.240278 3.593369
23.450809 3.590508
23.661543 3.597813
23.862556 3.604403
24.063390 3.610163
24.273943 3.613167
24.484133 3.627977
24.694067 3.639498
24.904482 3.646431
25.123791 3.650694
25.333417 3.658915
25.533599 3.663387
25.743292 3.664875
25.933511 3.670816
26.123881 3.671942
26.304949 3.671408
26.495558 3.675537
26.647702 3.680153
26.809488 3.678608
26.981075 3.679762
27.143195 3.685284
27.295912 3.684921
27.448190 3.683777
27.610339 3.686867
27.781686 3.689127
27.934196 3.689919
28.096061 3.693438
28.248492 3.696556
28.410655 3.693762
28.582181 3.694820
28.744248 3.697929
28.906506 3.694677
29.068713 3.693733
29.240718 3.696432
29.393410 3.696890
29.556119 3.697357
29.718924 3.703699
29.871999 3.707829
30.015828 3.709927
30.168855 3.713417
30.303022 3.717442
30.436986 3.718634
30.561346 3.719406
30.666450 3.723106
30.780895 3.722973
30.876604 3.722172
31.000354 3.725567
31.115117 3.728123
31.248653 3.726559
31.382399 3.724461
31.525514 3.727026
31.668860 3.726110
31.821940 3.726082
31.984491 3.729925
32.137625 3.731127
32.300123 3.729677
32.462584 3.732653
32.615686 3.736191
32.768748 3.734722
32.912080 3.735962
33.045809 3.738194
33.179774 3.736668
33.313862 3.735085
33.447645 3.736515
33.581594 3.736382
33.715718 3.735189
33.849724 3.739090
33.993280 3.741169
34.127539 3.742037
34.270983 3.743982
34.414326 3.750019
34.548447 3.751354
34.711229 3.757010
34.845074 3.762417
34.978859 3.764067
35.112689 3.765001
35.236861 3.769846
35.360716 3.773994
35.456091 3.774195
35.560676 3.778515
35.656101 3.783207
35.751390 3.783693
35.846495 3.786459
35.941727 3.795576
36.027437 3.804283
36.132074 3.812075
36.246421 3.823776
36.369988 3.832960
36.493765 3.840446
36.626907 3.850689
36.750270 3.860474
36.864205 3.863201
36.987645 3.863611
37.082351 3.868895
37.157875 3.870935
37.243063 3.869734
37.309192 3.873930
37.384685 3.876724
37.489102 3.876963
37.593338 3.877821
37.697558 3.880444
37.811391 3.879194
37.906387 3.878975
37.991490 3.880987
38.047941 3.880119
38.104525 3.877916
38.132240 3.880062
38.140930 3.880672
38.140035 3.878622
38.120158 3.878231
38.080826 3.879633
38.032539 3.876972
37.983957 3.875999
37.935664 3.877516
37.896820 3.877230
37.858744 3.876076
37.829485 3.878994
37.800574 3.881397
37.781315 3.880787
37.771809 3.880959
37.752584 3.881130
37.742877 3.876619
37.723828 3.872461
37.704652 3.871393
37.675842 3.867378
37.657011 3.861561
37.638021 3.863010
37.609504 3.863363
37.590933 3.861427
37.591554 3.863935
37.582418 3.866930
37.583185 3.865986
37.583888 3.867655
37.603713 3.872509
37.614073 3.873425
37.643351 3.873177
37.672378 3.876495
37.692126 3.877678
37.730689 3.876123
37.750185 3.876944
37.759744 3.878517
37.769748 3.876495
37.779637 3.875294
37.779714 3.876867
37.798820 3.875904
37.818306 3.873796
37.856621 3.876038
37.895124 3.877344
37.952937 3.875856
38.010632 3.877735
38.058942 3.880682
38.126334 3.879700
38.183882 3.879652
38.232074 3.882341
38.261134 3.881731
38.299480 3.880262
38.347208 3.882685
38.376303 3.883381
38.433396 3.882170
38.471596 3.884029
38.528597 3.886786
38.576169 3.885412
38.642684 3.885660
38.709304 3.887701
38.775890 3.886757
38.861453 3.885231
38.947197 3.887558
39.042363 3.888330
39.118364 3.886948
39.213515 3.888474
39.270304 3.890476
39.355956 3.888884
39.432052 3.889103
39.517665 3.890676
39.622628 3.889799
39.727565 3.887749
39.842271 3.890352
39.985798 3.891220
40.138661 3.891077
40.329883 3.894005
40.511531 3.896942
40.712645 3.896389
40.942294 3.897181
41.162573 3.900270
41.382834 3.899736
41.621866 3.899221
41.851831 3.901424
42.100615 3.902416
42.330660 3.901339
42.560335 3.902903
42.780498 3.904591
42.962421 3.902826
43.144621 3.902073
43.297593 3.903999
43.431895 3.901920
43.528051 3.899965
43.604896 3.901062
43.633820 3.901272
43.643430 3.899727
43.624449 3.900623
43.586332 3.901310
43.529019 3.899355
43.471637 3.898554
43.404917 3.900623
43.337957 3.898678
43.270984 3.897915
43.213541 3.900442
43.184826 3.901510
43.175222 3.900595
43.175206 3.902903
43.194012 3.904753
43.203580 3.903418
43.241610 3.903551
43.270283 3.905668
43.298707 3.904467
43.317716 3.902950
43.336536 3.904667
43.336393 3.904982
43.336514 3.903170
43.336066 3.904943
43.326115 3.906860
43.326344 3.905573
43.335850 3.906012
43.345312 3.908539
43.364330 3.907299
43.383319 3.906803
43.421368 3.908911
43.440317 3.909674
43.488163 3.908205
43.516279 3.910704
43.564022 3.912497
43.621190 3.911495
43.697368 3.911514
43.783236 3.914070
43.869203 3.912659
43.964736 3.911572
44.070045 3.913002
44.156324 3.913202
44.242667 3.911371
44.319334 3.912849
44.367440 3.914299
44.377302 3.912296
44.377816 3.911991
44.349516 3.913498
44.292366 3.911810
44.225723 3.910074
44.168509 3.911276
44.102171 3.911409
44.045177 3.908768
44.035917 3.909531
44.036379 3.910255
44.055692 3.907824
44.103909 3.906660
44.171101 3.909588
44.247817 3.907919
44.334141 3.907795
44.439523 3.909788
44.554666 3.909864
44.679365 3.908691
44.794421 3.910751
44.899603 3.912573
45.005052 3.910646
45.091257 3.910580
45.177473 3.912964
45.254088 3.911562
45.340244 3.910618
45.397719 3.913155
45.473986 3.913498
45.541107 3.912020
45.598281 3.914661
45.655136 3.916988
45.683666 3.916292
45.712052 3.916473
45.711669 3.918695
45.692215 3.917446
45.643982 3.916569
45.566941 3.918409
45.470576 3.918076
45.346003 3.916225
45.202010 3.917332
45.010256 3.918247
44.799626 3.916082
44.569577 3.914814
44.311213 3.915777
44.014340 3.912239
43.708109 3.908978
43.373389 3.908968
43.000426 3.905821
42.608359 3.901005
42.187570 3.898621
41.728791 3.895473
41.270060 3.887444
40.763460 3.880806
40.218670 3.875847
39.645087 3.864698
39.052680 3.856182
38.441150 3.851166
37.791378 3.845730
37.141735 3.835640
36.482952 3.824558
35.804626 3.811703
35.136301 3.797531
34.449076 3.781385
33.771323 3.769627
33.084189 3.754005
32.397039 3.737774
31.681131 3.722553
30.965362 3.712673
30.221016 3.696651
29.466845 3.677177
28.684093 3.661928
27.901160 3.646173
27.108582 3.631144
26.315773 3.619881
25.532556 3.606768
24.778080 3.587418
24.042658 3.565435
23.345383 3.543711
22.695917 3.526506
22.094176 3.514833
21.511116 3.498631
20.986001 3.481483
20.479616 3.464231
19.992352 3.452511
19.514832 3.435259
19.075407 3.417969
18.626241 3.409185
18.158128 3.392239
17.699465 3.367043
17.221671 3.347445
16.734260 3.339291
16.237446 3.331366
15.740665 3.334818
15.253337 3.346834
14.794783 3.344002
14.364961 3.342466
13.953933 3.343697
13.581356 3.339748
13.247022 3.331890
12.941250 3.327932
12.654641 3.324461
12.386988 3.313313
12.138540 3.310347
11.908995 3.308840
11.660499 3.301468
11.430936 3.286057
11.191780 3.269987
10.943323 3.248987
10.685206 3.237009
10.426985 3.239098
10.149438 3.235579
9.872046 3.244696
9.604080 3.246231
9.326593 3.251457
9.058681 3.243065
8.809882 3.240032
8.560791 3.235664
8.330995 3.222647
8.101395 3.215771
7.890401 3.206406
7.689389 3.184843
7.507186 3.163443
7.315421 3.148937
7.142772 3.124542
6.960678 3.098278
6.788035 3.080082
6.615541 3.060398
6.433409 3.032236
6.260931 3.015947
6.078570 3.007298
5.896369 2.998161
5.733439 2.992315
5.580076 2.992554
5.435806 2.993603
5.292124 2.975082
5.167310 2.965202
5.052126 2.961445
4.936700 2.947197
4.840747 2.929230
4.744441 2.900190
4.648263 2.873535
4.561723 2.830267
4.475072 2.813911
4.397890 2.795696
4.320938 2.754841
4.224869 2.729111
4.128797 2.716494
4.032910 2.691965
3.946651 2.673731
3.850671 2.654066
3.745380 2.647514
3.649703 2.643452
3.554076 2.631407
3.468043 2.627134
3.382133 2.622480
3.296040 2.616224
3.219538 2.611570
3.143290 2.589188
3.086192 2.575655
3.019434 2.584333
2.962360 2.573280
2.895800 2.556105
2.857895 2.558851
2.800828 2.552691
2.753473 2.555799
2.715562 2.557230
2.677265 2.554960
2.649341 2.560749
2.611185 2.553978
2.582698 2.535172
2.554473 2.524996
2.516491 2.495928
2.497727 2.492495
2.459635 2.491035
2.431224 2.473364
2.393175 2.463846
2.354896 2.450304
2.326476 2.419777
2.297866 2.411680
2.269428 2.421675
2.230970 2.417898
2.192889 2.408657
2.164307 2.403831
2.125974 2.399511
2.088097 2.375917
2.049664 2.351513
2.011043 2.318316
1.963706 2.282038
1.925332 2.254028
1.886834 2.237844
1.819827 2.213840
1.791324 2.175312
1.743468 2.145967
1.695594 2.132578
1.647560 2.123165
1.619032 2.112350
1.580858 2.100401
1.542691 2.098379
1.523464 2.078466
1.504504 2.081461
1.466195 2.063313
1.437501 2.031498
1.427930 2.021990
1.389897 1.999760
1.370974 1.980753
1.351978 1.960859
1.323513 1.945534
1.304398 1.902332
1.285560 1.887522
1.266515 1.904163
1.257058 1.906738
1.247698 1.913786
1.247922 1.926050
1.238289 1.937971
1.228845 1.933613
1.238491 1.934090
1.229275 1.955891
1.229216 1.956787
1.220066 1.955357
1.229585 1.960011
1.229702 1.960201
1.229873 1.954050
1.220359 1.958332
1.220717 1.963015
1.220794 1.941528
1.220835 1.915846
1.220787 1.910076
1.211460 1.859798
1.201722 1.806927
1.182713 1.810026
1.163572 1.805820
1.153961 1.735249
1.135107 1.753445
1.116083 1.728678
1.106589 1.730461
1.097170 1.713858
1.058658 1.698074
1.039697 1.618176
1.020779 1.568460
0.992048 1.579752
0.963369 1.473522
0.934835 1.406746
0.925370 1.336460
0.896746 1.326427
0.868126 1.211205
0.848904 1.124868
0.829996 0.993223
0.801318 0.941172
0.791702 0.788403
0.772550 0.630169
0.743883 0.528755
0.724827 0.414371
0.705716 0.291557
0.686601 0.222187
0.667658 0.158796
0.648659 0.091105
0.629383 0.109568
0.600909 0.083618
0.591521 0.000000
0.562854 0.000668
0.534261 0.001545
0.534271 0.000000
0.524874 0.000315
0.515225 0.007553
0.496436 0.000000
0.477269 0.000000
0.467646 0.007830
0.457997 0.000000
0.438916 0.000000
0.419827 0.000782
0.400675 0.001364
0.400794 0.000000
0.391316 0.000334
0.372251 0.007381
0.362757 0.000000
0.353056 0.000000
0.343621 0.008030
0.333910 0.000000
0.324394 0.000000
0.324384 0.000830
0.314844 0.001211
0.314781 0.000000
0.314684 0.000362
0.314737 0.007210
0.314763 0.000000
0.324261 0.000000
0.324349 0.008259
0.333740 0.000000
0.333714 0.000000
0.333737 0.000963
0.343198 0.001011
0.352931 0.000000
0.353049 0.000305
0.362399 0.007038
0.362579 0.000000
0.352884 0.000000
0.352974 0.008459
0.333960 0.000000
0.343501 0.000000
0.352989 0.001068
0.343213 0.000916
0.352946 0.000000
0.352925 0.000305
0.352925 0.006886
0.352787 0.000000
0.362329 0.000000
0.352754 0.008612
0.343336 0.000000
0.353021 0.000000
0.353085 0.001202
0.352962 0.000772
0.352940 0.000000
0.353026 0.000286
0.352839 0.006695
0.343510 0.000000
0.343714 0.000000
0.343580 0.008736
0.333990 0.000000
0.324481 0.000000
0.324219 0.001354
0.314850 0.000629
0.314806 0.000000
0.314775 0.000286
0.305045 0.006495
0.305136 0.000000
0.295685 0.000000
0.305014 0.008841
0.295542 0.000000
0.295638 0.000000
0.286031 0.001526
0.285999 0.000544
0.286154 0.000000
0.285910 0.000296
0.276469 0.006285
0.286102 0.000000
0.286246 0.000000
0.276646 0.008898
0.286246 0.000000
0.286310 0.000000
0.286197 0.001707
0.286167 0.000429
0.286369 0.000000
0.286175 0.000296
0.286266 0.006075
0.276789 0.000000
0.276735 0.000000
0.267215 0.009022
0.257647 0.000000
0.267350 0.000000
0.267280 0.001879
0.257808 0.000305
0.257846 0.000000
