0.000000 0.094213
0.000000 0.101700
0.000000 0.101309
0.000000 0.093346
0.000000 0.100632
0.000000 0.106697
0.000000 0.099878
0.000000 0.099735
0.000000 0.108547
0.000000 0.100203
0.000000 0.094423
0.000000 0.101700
0.000000 0.101480
0.000000 0.093126
0.000000 0.100803
0.000000 0.106525
0.000000 0.099745
0.000000 0.099649
0.000000 0.108433
0.000000 0.100584
0.000000 0.094919
0.000000 0.102072
0.000000 0.101471
0.000000 0.093174
0.000000 0.100946
0.000000 0.106306
0.000000 0.099411
0.000000 0.099649
0.000000 0.108509
0.000000 0.100613
0.000000 0.094805
0.000000 0.101576
0.000000 0.100794
0.000000 0.092249
0.000000 0.099773
0.000000 0.104914
0.000000 0.097818
0.000000 0.098019
0.000000 0.105667
0.000000 0.097313
0.000005 0.091677
0.000000 0.099068
0.000054 0.098162
0.000000 0.089035
0.000000 0.096006
0.000000 0.101843
0.000000 0.095034
0.000000 0.095921
0.000000 0.104561
0.000000 0.096502
0.000000 0.090847
0.000000 0.098429
0.000000 0.096302
0.000000 0.088243
0.000000 0.096397
0.000000 0.101099
0.000000 0.094652
0.000000 0.096254
0.000000 0.104609
0.000000 0.096550
0.000000 0.091639
0.000000 0.098839
0.000000 0.096931
0.000000 0.088243
0.000000 0.096292
0.000000 0.100584
0.000000 0.093727
0.000000 0.094490
0.000000 0.103598
0.000000 0.095053
0.000000 0.090227
0.000000 0.097561
0.000000 0.095634
0.000000 0.087643
0.000007 0.095778
0.000000 0.100555
0.000000 0.093946
0.000044 0.095377
0.000000 0.104475
0.000000 0.096006
0.000000 0.091562
0.000000 0.099163
0.000000 0.096874
0.000000 0.088949
0.000000 0.097303
0.000000 0.101843
0.000000 0.094986
0.000000 0.097179
0.000000 0.105495
0.000000 0.097446
0.000000 0.092783
0.000000 0.100193
0.000000 0.097551
0.000000 0.089712
0.000000 0.097790
0.000000 0.102196
0.000000 0.095558
0.018789 0.097666
0.009365 0.106525
0.000000 0.098457
0.019151 0.094404
0.019300 0.101862
0.019458 0.099134
0.009973 0.091286
0.000394 0.099459
0.009980 0.103340
0.010209 0.096798
0.010145 0.099478
0.010118 0.107841
0.010171 0.099640
0.010112 0.095625
0.019664 0.102863
0.019587 0.099583
0.010092 0.091743
0.010058 0.099783
0.010091 0.103426
0.010042 0.097151
0.019576 0.099735
0.010037 0.107708
0.000528 0.099506
0.010176 0.095615
0.000485 0.102940
0.000512 0.099344
0.000000 0.091391
0.000000 0.098667
0.000000 0.102463
0.000000 0.095444
0.000000 0.098476
0.000000 0.106230
0.000000 0.098171
0.000000 0.094719
0.000000 0.102291
0.000000 0.098562
0.000000 0.090914
0.000000 0.098963
0.000000 0.102386
0.000000 0.095911
0.000000 0.099344
0.000000 0.107288
0.000000 0.099049
0.000000 0.095339
0.000000 0.102987
0.000000 0.099039
0.000000 0.091381
0.000000 0.099354
0.000000 0.102463
0.000000 0.095539
0.000000 0.099211
0.000000 0.106945
0.000000 0.099125
0.000000 0.095930
0.000000 0.103617
0.000000 0.099173
0.000000 0.091667
0.000000 0.099535
0.000000 0.102386
0.000000 0.095377
0.000000 0.099344
0.000000 0.107079
0.000000 0.099297
0.000000 0.096178
0.000000 0.103951
0.000000 0.099392
0.000000 0.092020
0.000000 0.100031
0.000000 0.102806
0.000000 0.095873
0.000000 0.099964
0.000000 0.107422
0.000000 0.099659
0.000000 0.096865
0.000000 0.104914
0.000000 0.099964
0.000000 0.092802
0.000000 0.100536
0.000000 0.103025
0.000000 0.095682
0.000000 0.100336
0.000000 0.107841
0.000000 0.100327
0.000000 0.097446
0.000000 0.105467
0.000000 0.100250
0.000000 0.093060
0.000000 0.100737
0.000000 0.102921
0.000000 0.095682
0.000000 0.100460
0.000000 0.107708
0.000000 0.100164
0.000000 0.097628
0.000000 0.105581
0.000000 0.100336
0.000000 0.093203
0.000000 0.100851
0.000000 0.102882
0.000000 0.095415
0.000000 0.100069
0.000000 0.107164
0.000000 0.099449
0.000000 0.097237
0.000000 0.105667
0.000000 0.100050
0.000000 0.093002
0.000000 0.100746
0.000000 0.102606
0.000000 0.095129
0.000000 0.100203
0.000000 0.107384
0.000000 0.099649
0.000000 0.097523
0.000000 0.105791
0.000000 0.100136
0.000000 0.093126
0.000000 0.100727
0.000000 0.102434
0.000000 0.095100
0.000000 0.100803
0.000000 0.107822
0.000000 0.100470
0.000000 0.098486
0.000000 0.106869
0.000000 0.100756
0.000000 0.093861
0.000000 0.101547
0.000000 0.102930
0.000000 0.095129
0.000000 0.101347
0.000000 0.108128
0.000000 0.100546
0.000000 0.098772
0.000000 0.107183
0.000000 0.100861
0.000000 0.094109
0.000000 0.101852
0.000000 0.102959
0.000000 0.095186
0.000000 0.101414
0.000000 0.108166
0.000000 0.100842
0.000000 0.099316
0.000000 0.107756
0.000000 0.101099
0.000000 0.094366
0.000000 0.101595
0.000000 0.102339
0.000000 0.094070
0.000000 0.100203
0.000000 0.105753
0.000000 0.098324
0.000000 0.096951
0.000000 0.105782
0.000000 0.098324
0.000000 0.091724
0.000000 0.098753
0.000000 0.099077
0.000000 0.091248
0.000000 0.097780
0.000000 0.104227
0.000000 0.097065
0.000000 0.095997
0.000000 0.104609
0.000000 0.097446
0.000000 0.091114
0.000000 0.098276
0.000000 0.098324
0.000000 0.090075
0.000000 0.096149
0.000000 0.103226
0.000000 0.094461
0.000000 0.093708
0.000000 0.102158
0.000000 0.094194
0.000000 0.087051
0.000000 0.094261
0.000000 0.094080
0.000000 0.086727
0.000000 0.094604
0.000000 0.101128
0.000000 0.094032
0.000000 0.092764
0.000000 0.101833
0.000000 0.095081
0.000000 0.088348
0.000000 0.095377
0.000000 0.095568
0.000000 0.087757
0.000000 0.095062
0.000000 0.100765
0.000000 0.093193
0.000000 0.092335
0.000000 0.101328
0.000000 0.093870
0.000000 0.087757
0.000000 0.094824
0.000000 0.094957
0.000000 0.086985
0.000000 0.094471
0.000000 0.100756
0.000000 0.094080
0.000000 0.093832
0.000000 0.102634
0.000000 0.094814
0.000000 0.088968
0.000000 0.096083
0.000000 0.096636
0.000000 0.088539
0.000000 0.095997
0.000000 0.101929
0.000000 0.094843
0.000000 0.094423
0.000000 0.103226
0.000000 0.095558
0.000000 0.089788
0.000000 0.096855
0.000000 0.096302
0.000000 0.088358
0.000000 0.095844
0.000000 0.101633
0.000000 0.095015
0.000000 0.095301
0.000000 0.103741
0.000000 0.095863
0.000000 0.090361
0.000000 0.097733
0.000000 0.097294
0.000000 0.089369
0.000000 0.097122
0.000000 0.102654
0.000000 0.095739
0.000000 0.095911
0.000000 0.104780
0.000000 0.096836
0.000000 0.091515
0.000000 0.098648
0.000000 0.097828
0.000000 0.089636
0.000000 0.097589
0.000000 0.102739
0.000000 0.095806
0.000000 0.096350
0.000000 0.105066
0.000000 0.097036
0.000000 0.091610
0.000000 0.098791
0.000000 0.097685
0.000000 0.089731
0.000000 0.097628
0.000000 0.102806
0.000000 0.095825
0.000000 0.096607
0.000000 0.105286
0.000000 0.097198
0.000000 0.092058
0.000000 0.099287
0.000000 0.097733
0.000000 0.089655
0.000000 0.097570
0.000000 0.102510
0.000000 0.096226
0.000000 0.097046
0.000000 0.105743
0.000000 0.097666
0.000000 0.092592
0.000000 0.099955
0.000000 0.098362
0.000000 0.090523
0.000000 0.098524
0.000000 0.103254
0.000000 0.096445
0.000000 0.097704
0.000000 0.106230
0.000000 0.097694
0.000000 0.092287
0.000000 0.098724
0.000000 0.097494
0.000000 0.089340
0.000000 0.096626
0.000000 0.101385
0.000000 0.094624
0.000000 0.096416
0.000000 0.104065
0.000000 0.097122
0.000000 0.094318
0.000000 0.103321
0.000000 0.100489
0.009371 0.092030
0.037951 0.099449
0.057120 0.102510
0.085792 0.094500
0.104851 0.096350
0.114529 0.103855
0.133767 0.091629
0.162451 0.087967
0.181593 0.094442
0.191237 0.094891
0.200827 0.089455
0.200946 0.099297
0.210643 0.102282
0.220158 0.096684
0.229831 0.097561
0.239397 0.107822
0.249036 0.098982
0.268092 0.091505
0.267950 0.096483
0.268127 0.095139
0.287225 0.087929
0.296878 0.098743
0.296862 0.101442
0.325620 0.094566
0.354325 0.095425
0.363838 0.104342
0.373450 0.097780
0.402151 0.092850
0.411835 0.102415
0.411805 0.096617
0.431036 0.089502
0.440584 0.100298
0.450055 0.103903
0.469047 0.098000
0.488389 0.100079
0.497773 0.107946
0.498051 0.097046
0.516986 0.093098
0.516701 0.103016
0.516889 0.098858
0.535853 0.090408
0.555018 0.100460
0.564570 0.105867
0.583705 0.096817
0.612352 0.096579
0.640926 0.109768
0.650509 0.101328
0.669449 0.093403
0.688569 0.100412
0.717231 0.100021
0.736318 0.093422
0.764906 0.098991
0.783731 0.107346
0.802915 0.099535
0.831505 0.100813
0.850535 0.111465
0.860283 0.101299
0.888844 0.091848
0.898426 0.098763
0.927100 0.094528
0.936652 0.087986
0.946098 0.097799
0.955747 0.101910
0.965326 0.093908
0.974580 0.095758
0.974482 0.107574
0.984259 0.099354
1.003316 0.096140
1.012716 0.102491
1.022463 0.106144
1.031869 0.102100
1.041569 0.111628
1.060756 0.125723
1.079888 0.145454
1.108603 0.157623
1.127524 0.163088
1.146944 0.162325
1.175531 0.172529
1.175305 0.181246
1.184901 0.184784
1.213582 0.188246
1.223203 0.206127
1.232498 0.208626
1.242258 0.203495
1.270761 0.215197
1.280226 0.218668
1.289874 0.215492
1.318613 0.209808
1.328185 0.211535
1.337643 0.205441
1.356676 0.219316
1.375705 0.253286
1.394961 0.271645
1.413950 0.279093
1.442615 0.301628
1.461729 0.341434
1.480892 0.345364
1.499852 0.355501
1.518791 0.379868
1.528236 0.383997
1.556912 0.389051
1.585350 0.404949
1.613896 0.419550
1.652123 0.422649
1.680492 0.435658
1.718619 0.451908
1.746954 0.446148
1.785052 0.446787
1.813548 0.466261
1.842359 0.466261
1.880344 0.460596
1.918503 0.493622
1.947222 0.512657
1.975935 0.526819
2.023714 0.569935
2.033305 0.617542
2.071699 0.643349
2.100330 0.685654
2.148384 0.709658
2.176982 0.709391
2.205948 0.713177
2.244215 0.729856
2.253817 0.764704
2.282762 0.764008
2.282683 0.779543
2.301973 0.790215
2.311570 0.792370
2.340190 0.792999
2.340321 0.789547
2.359540 0.794182
2.369221 0.797634
2.378820 0.830297
2.378870 0.869989
2.388380 0.918045
2.398307 0.940866
2.388659 0.945110
2.407886 0.955429
2.427136 0.962467
2.436693 0.967112
2.446330 0.980177
2.475168 0.987415
2.494283 1.011791
2.522818 1.044607
2.551618 1.069794
2.599314 1.102276
2.608705 1.126471
2.637415 1.132298
2.656478 1.133957
2.675501 1.133490
2.694541 1.127357
2.713586 1.139212
2.742088 1.146650
2.761166 1.144495
2.770825 1.141434
2.808970 1.169586
2.818344 1.195860
2.856598 1.204796
2.885203 1.215324
2.904046 1.212692
2.932705 1.212473
2.961090 1.199408
2.999176 1.217623
3.008472 1.220360
3.027521 1.230288
3.046439 1.245670
3.065427 1.255884
3.084492 1.256504
3.122576 1.270351
3.112871 1.307735
3.131922 1.318073
3.141625 1.315527
3.170277 1.350689
3.179960 1.370592
3.208711 1.369600
3.227783 1.388655
3.246984 1.406765
3.275609 1.417627
3.304538 1.439104
3.333297 1.454945
3.352637 1.451740
3.390932 1.447201
3.400520 1.464663
3.429366 1.462803
3.448776 1.459799
3.477780 1.489792
3.487523 1.515322
3.506795 1.505804
3.526274 1.520138
3.535906 1.519060
3.555156 1.525078
3.584350 1.528358
3.603305 1.525908
3.603398 1.536598
3.632202 1.521006
3.642107 1.536779
3.642085 1.586351
3.661291 1.597252
3.690125 1.622248
3.690162 1.634665
3.690204 1.630592
3.718990 1.614637
3.728669 1.606674
3.747588 1.596174
3.757210 1.590233
3.776250 1.605482
3.766473 1.603498
3.776115 1.619282
3.776053 1.635084
3.785529 1.656866
3.795049 1.658068
3.795023 1.649637
3.794857 1.687412
3.813986 1.704779
3.814010 1.721306
3.842689 1.725550
3.861744 1.737547
3.871388 1.731539
3.890558 1.739035
3.909697 1.734762
3.928557 1.742229
3.957390 1.724472
3.976244 1.720343
4.004861 1.724730
4.033563 1.731424
4.052400 1.731291
4.052459 1.744089
4.071467 1.747322
4.080839 1.765499
4.109313 1.767559
4.128296 1.788578
4.156855 1.783800
4.195415 1.773176
4.233332 1.786356
4.271413 1.783676
4.309681 1.793213
4.347692 1.806011
4.395528 1.812143
4.424074 1.821690
4.452623 1.831045
4.481467 1.828756
4.529210 1.833811
4.567186 1.852360
4.595930 1.848927
4.643513 1.835575
4.672202 1.849318
4.719777 1.877613
4.748295 1.882257
4.805535 1.875696
4.843656 1.906223
4.881892 1.923828
4.929403 1.910543
4.977106 1.914797
5.014948 1.917677
5.072248 1.918106
5.110278 1.929550
5.138763 1.957073
5.176860 1.959543
5.243652 1.953382
5.272206 1.954451
5.310249 1.953201
5.358085 1.943760
5.405796 1.949387
5.462936 1.948786
5.510673 1.953144
5.577299 1.959219
5.624887 1.968899
5.672729 1.978283
5.720562 1.976824
5.768353 1.984568
5.796934 1.983624
5.854039 1.986475
5.892178 1.992006
5.930427 1.990643
5.978192 1.992331
6.006769 2.000046
6.044871 2.024460
6.092839 2.025461
6.140496 2.020187
6.197674 2.035980
6.236102 2.036676
6.293515 2.038908
6.350662 2.047005
6.417381 2.045078
6.474974 2.043686
6.532165 2.051039
6.599153 2.058916
6.647040 2.054472
6.714082 2.062836
6.752408 2.069254
6.800413 2.064657
6.857672 2.064381
6.905711 2.066593
6.962872 2.072992
7.020605 2.073278
7.058926 2.073021
7.125888 2.083740
7.164395 2.083540
7.240819 2.092171
7.288329 2.091227
7.355209 2.075443
7.412415 2.070618
7.469713 2.073412
7.517358 2.077055
7.584051 2.068291
7.641334 2.074327
7.688890 2.076283
7.736535 2.074718
7.793528 2.080526
7.841388 2.102261
7.908183 2.095470
7.984436 2.084074
8.060677 2.082939
8.136916 2.080736
8.232510 2.075424
8.318506 2.083187
8.404422 2.071295
8.490376 2.072983
8.585899 2.081919
8.652561 2.094135
8.747972 2.098570
8.824241 2.106686
8.900587 2.121277
8.977049 2.132406
9.072558 2.143621
9.158284 2.171755
9.253689 2.183609
9.349446 2.201519
9.445235 2.224216
9.559886 2.243013
9.674613 2.249737
9.799273 2.248669
9.933026 2.247190
10.047936 2.237272
10.191655 2.220936
10.325627 2.214718
10.449944 2.218447
10.574535 2.218695
10.689204 2.223568
10.803872 2.232456
10.909046 2.234020
11.024079 2.241058
11.129194 2.253189
11.224983 2.274828
11.320872 2.272930
11.445220 2.280140
11.550790 2.293272
11.656205 2.294970
11.790396 2.297029
11.895981 2.310896
12.020731 2.312231
12.145524 2.315226
12.260551 2.323551
12.385302 2.326698
12.500302 2.320137
12.615210 2.337952
12.730007 2.351637
12.825597 2.346773
12.949947 2.345314
13.045506 2.357254
13.141195 2.358570
13.255764 2.354889
13.360918 2.372417
13.465752 2.371378
13.590132 2.381306
13.714337 2.400169
13.847789 2.399292
13.981665 2.405338
14.143771 2.414436
14.277399 2.426062
14.420394 2.431231
14.582484 2.441673
14.715974 2.448740
14.830324 2.474527
14.982992 2.466469
15.116254 2.477293
15.240061 2.485504
15.373552 2.481976
15.497305 2.482328
15.630763 2.490692
15.745150 2.493734
15.888230 2.499056
16.031063 2.506638
16.164463 2.511616
16.316942 2.512341
16.469292 2.522316
16.612223 2.528601
16.755185 2.531719
16.917017 2.540998
17.050168 2.553492
17.183442 2.552090
17.307214 2.552414
17.440313 2.560368
17.554474 2.560444
17.678284 2.552414
17.783023 2.542562
17.878303 2.538624
17.983399 2.530546
18.097837 2.524004
18.183787 2.524729
18.270279 2.515554
18.365928 2.508030
18.452180 2.514153
18.548264 2.518291
18.644422 2.515106
18.740705 2.519684
18.827250 2.520208
18.923690 2.514429
19.020021 2.517843
19.087700 2.516298
19.155537 2.514820
19.242342 2.518320
19.300263 2.568388
19.358359 2.566433
19.406852 2.566147
19.455314 2.569704
19.493978 2.565737
19.532715 2.563725
19.561594 2.566509
19.590635 2.574520
19.629278 2.575197
19.648582 2.577219
19.677287 2.584858
19.706356 2.586985
19.716261 2.593336
19.745203 2.600927
19.774178 2.615843
19.812832 2.637043
19.870658 2.645388
19.909544 2.663546
19.977041 2.676649
20.054012 2.684336
20.121155 2.692070
20.216842 2.691441
20.303078 2.701311
20.398244 2.724142
20.493435 2.760506
20.569267 2.766914
20.635374 2.771673
20.701481 2.786970
20.767639 2.797327
20.823968 2.813025
20.870904 2.824841
20.908320 2.832069
20.945798 2.843027
20.992939 2.849407
21.049822 2.854910
21.106712 2.860165
21.173405 2.872572
21.239936 2.873316
21.306474 2.863979
21.373199 2.853928
21.429953 2.836905
21.496603 2.825670
21.553588 2.814264
21.591249 2.799282
21.609968 2.795744
21.638201 2.787542
21.637866 2.776346
21.628185 2.783585
21.618766 2.772980
21.609637 2.762041
21.581616 2.764435
21.573002 2.767859
21.564619 2.761173
21.575645 2.757273
21.586665 2.752943
21.598015 2.743464
21.637791 2.731428
21.667937 2.719364
21.708058 2.710943
21.757442 2.709961
21.777726 2.720022
21.807734 2.724533
21.837435 2.726650
21.867083 2.743540
21.886838 2.761745
21.935396 2.765522
21.974168 2.779837
22.003136 2.792301
22.070639 2.792206
22.128092 2.810965
22.185588 2.825222
22.262136 2.829380
22.357676 2.828016
22.452981 2.835751
22.558004 2.845154
22.672501 2.849798
22.767678 2.857819
22.872521 2.867413
22.967729 2.867146
23.053543 2.870703
23.129544 2.880783
23.224734 2.878847
23.310517 2.875376
23.386711 2.882128
23.453514 2.883434
23.530032 2.884598
23.597027 2.889090
23.663998 2.894964
23.721607 2.893505
23.788544 2.895718
23.836504 2.904987
23.884512 2.901850
23.942269 2.901773
24.009344 2.907047
24.066807 2.909698
24.124569 2.908707
24.182069 2.913399
24.249216 2.924309
24.297501 2.921276
24.355295 2.921829
24.413063 2.926435
24.471051 2.928238
24.529125 2.927780
24.596404 2.932606
24.654329 2.935257
24.721953 2.936821
24.798828 2.940931
24.856648 2.948799
24.933396 2.949953
25.010030 2.951670
25.076925 2.957134
25.134340 2.956171
25.210509 2.956858
25.267558 2.961063
25.305429 2.962456
25.362569 2.960043
25.400319 2.964668
25.419069 2.972326
25.456869 2.975550
25.485242 2.978992
25.522972 2.985973
25.561003 2.988911
25.598959 2.991228
25.636627 2.993202
25.674515 2.994690
25.702757 2.997570
25.730898 3.004913
25.768437 3.008995
25.815844 3.009405
25.863152 3.010912
25.910773 3.017607
25.968068 3.018236
26.054051 3.017626
26.121194 3.022366
26.207359 3.025751
26.322515 3.030138
26.428132 3.038893
26.543187 3.048067
26.677492 3.049927
26.821356 3.054276
26.955366 3.058281
27.108267 3.058987
27.270848 3.063345
27.423603 3.074865
27.575940 3.081160
27.718950 3.086281
27.861724 3.094292
27.975679 3.102036
28.090017 3.100529
28.213757 3.102360
28.309114 3.106222
28.423907 3.102913
28.538604 3.104162
28.672674 3.110590
28.778212 3.110609
28.922009 3.111496
29.046411 3.114376
29.171012 3.118296
29.285929 3.118706
29.410235 3.125706
29.496241 3.139572
29.572744 3.142071
29.649125 3.146067
29.706421 3.154430
29.754026 3.161182
29.782946 3.171587
29.821127 3.185530
29.840356 3.196125
29.859527 3.194666
29.888193 3.196850
29.907117 3.202963
29.926250 3.202324
29.964113 3.204079
30.001823 3.209085
30.039560 3.211250
30.077166 3.210096
30.123924 3.216429
30.151497 3.220882
30.179296 3.220978
30.206683 3.223219
30.215381 3.227129
30.224011 3.224449
30.242476 3.222685
30.251558 3.225708
30.270342 3.221903
30.308781 3.215523
30.366320 3.218775
30.433476 3.220720
30.500938 3.222399
30.577931 3.224487
30.664218 3.228054
30.760391 3.228369
30.856552 3.226538
30.961684 3.230667
31.057067 3.234968
31.162454 3.234482
31.248024 3.240271
31.323982 3.244667
31.409574 3.248167
31.485624 3.249502
31.552010 3.255987
31.628258 3.257103
31.704559 3.258543
31.809136 3.267708
31.885441 3.270035
31.999900 3.272324
32.094894 3.281240
32.199467 3.287525
32.294431 3.287020
32.389118 3.290043
32.455182 3.294773
32.511697 3.290720
32.568226 3.286295
32.596076 3.286800
32.614651 3.281708
32.624005 3.281813
32.614455 3.288431
32.614465 3.291197
32.615103 3.290081
32.634699 3.291512
32.635302 3.294792
32.645547 3.292217
32.665673 3.290520
32.685556 3.291798
32.734450 3.290071
32.773252 3.281393
32.812103 3.277874
32.860559 3.276205
32.909047 3.271141
32.966849 3.268833
33.005469 3.271675
33.044256 3.266859
33.083011 3.266630
33.131394 3.273973
33.189247 3.277607
33.256749 3.278427
33.324088 3.288059
33.391534 3.296509
33.487599 3.298273
33.583494 3.302488
33.659933 3.307543
33.755287 3.306599
33.831656 3.309135
33.898002 3.312492
33.954729 3.312950
33.973027 3.309765
34.000688 3.311853
33.999673 3.311968
33.998835 3.309584
33.997814 3.310070
33.968439 3.314533
33.958388 3.309908
33.958089 3.305817
33.957624 3.306417
33.976591 3.300524
33.986311 3.296976
34.015115 3.301344
34.053734 3.303528
34.092266 3.300409
34.150083 3.300552
34.188823 3.304539
34.246842 3.300819
34.295306 3.300037
34.324702 3.303623
34.325422 3.304853
34.364771 3.304100
34.385006 3.309755
34.395822 3.314934
34.425833 3.315296
34.436714 3.319387
34.485636 3.323441
34.515265 3.322668
34.563840 3.322649
34.592998 3.327694
34.631537 3.327026
34.669874 3.322992
34.679321 3.324776
34.707630 3.325062
34.716744 3.321037
34.716129 3.322115
34.725129 3.325357
34.724763 3.323441
34.734106 3.323164
34.743478 3.327360
34.762745 3.324728
34.801291 3.324728
34.849333 3.329220
34.916249 3.333216
34.973730 3.333035
35.050085 3.333998
35.126356 3.337574
35.202379 3.336630
35.269065 3.336668
35.344772 3.340063
35.411339 3.341551
35.468172 3.340216
35.525096 3.343801
35.553433 3.345022
35.591387 3.350468
35.648380 3.354464
35.696108 3.361435
35.743659 3.363800
35.800538 3.367672
35.847730 3.372536
35.913984 3.373203
35.960922 3.373461
36.007625 3.376865
36.054084 3.377104
36.100858 3.374872
36.157004 3.375196
36.184813 3.376026
36.212799 3.370810
36.250865 3.366852
36.260220 3.370218
36.279453 3.368111
36.289429 3.360100
36.309104 3.362417
36.309715 3.363590
36.300748 3.361654
36.301358 3.360071
36.282535 3.353167
36.273585 3.343925
36.273869 3.334131
36.264722 3.331528
36.246099 3.325310
36.265840 3.321104
36.266428 3.325129
36.267164 3.328466
36.268121 3.329210
36.288014 3.334875
36.269633 3.340139
36.280063 3.341017
36.299769 3.342915
36.300126 3.349562
36.300425 3.351946
36.310149 3.350754
36.309723 3.351488
36.309417 3.349552
36.318426 3.347425
36.317525 3.347225
36.306992 3.349266
36.287207 3.348799
36.276858 3.347616
36.256869 3.350048
36.227646 3.347635
36.208435 3.346910
36.188967 3.352270
36.188986 3.358765
36.169903 3.360262
36.189160 3.365126
36.198733 3.369713
36.227274 3.369617
36.246009 3.370895
36.265042 3.375025
36.283863 3.374367
36.283609 3.372059
36.273674 3.374300
36.244766 3.372622
36.235211 3.370829
36.215754 3.372993
36.196521 3.375378
36.196584 3.373041
36.177477 3.373070
36.187102 3.375378
36.187104 3.371401
36.196816 3.368521
36.206108 3.369350
36.205891 3.368855
36.234581 3.368740
36.244033 3.367929
36.243900 3.365622
36.253522 3.361101
36.244229 3.357048
36.263640 3.359528
36.254706 3.359680
36.265225 3.358822
36.275386 3.364296
36.276357 3.366861
36.315485 3.366442
36.354526 3.370361
36.383639 3.374643
36.422251 3.375092
36.460671 3.373842
36.489274 3.377142
36.508455 3.376169
36.527559 3.375530
36.546289 3.378916
36.545975 3.377542
36.555338 3.373756
36.545343 3.375177
36.497093 3.377237
36.458675 3.375616
36.420051 3.376350
36.372027 3.379927
36.323977 3.378811
36.294940 3.376617
36.256202 3.378983
36.207999 3.378897
36.150267 3.375273
36.092264 3.376894
36.024734 3.377657
35.957312 3.374367
35.880362 3.373346
35.784231 3.376446
35.707356 3.375998
35.611309 3.375597
35.524688 3.380280
35.428527 3.381166
35.341823 3.380480
35.245461 3.384085
35.120174 3.387117
34.995105 3.384047
34.869765 3.381300
34.744561 3.380919
34.600368 3.373652
34.484979 3.364401
34.360131 3.363161
34.235585 3.356152
34.130422 3.347673
34.025338 3.344755
33.901447 3.339281
33.787404 3.334894
33.682965 3.335085
33.578539 3.341198
33.483953 3.343601
33.398944 3.346977
33.313870 3.358059
33.247722 3.362370
33.162661 3.362064
33.086582 3.365583
32.991150 3.366508
32.895776 3.362122
32.809763 3.357687
32.685468 3.356256
32.561341 3.345413
32.446396 3.331795
32.312380 3.325596
32.169011 3.317070
32.035272 3.304243
31.910970 3.308640
31.786915 3.306074
31.663027 3.302698
31.567479 3.299599
31.452977 3.295393
31.357589 3.283768
31.281041 3.272152
31.214082 3.270168
31.147172 3.266869
31.070727 3.262100
30.994024 3.260517
30.927046 3.260069
30.831329 3.253946
30.754891 3.253164
30.649811 3.255882
30.544805 3.255281
30.439966 3.254795
30.354247 3.258705
30.249630 3.263702
30.164342 3.262253
30.088369 3.266811
30.002923 3.270512
29.946414 3.268833
29.889760 3.270378
29.832931 3.275509
29.775853 3.274364
29.728282 3.273153
29.670967 3.275499
29.594318 3.273888
29.527199 3.271198
29.459904 3.269720
29.363878 3.267441
29.267791 3.260508
29.162204 3.254919
29.037319 3.253059
28.931959 3.246613
28.816915 3.238821
28.711611 3.238955
28.596966 3.238697
28.491887 3.237619
28.396281 3.245020
28.291345 3.250303
28.196093 3.252439
28.110040 3.254366
27.985714 3.259630
27.871057 3.259535
27.756237 3.259287
27.621960 3.264637
27.487870 3.267479
27.334695 3.267765
27.190839 3.273392
27.047093 3.278008
26.903098 3.278399
26.768916 3.281927
26.624881 3.288107
26.509580 3.288336
26.384591 3.287153
26.269046 3.287668
26.163132 3.283749
26.066580 3.279047
25.960647 3.274794
25.844831 3.272400
25.729154 3.267193
25.604155 3.262339
25.488405 3.253851
25.363401 3.235769
25.238560 3.223629
25.113697 3.215113
24.989014 3.203564
24.874086 3.191586
24.759188 3.186092
24.653881 3.180742
24.539421 3.170424
24.453587 3.162899
24.358151 3.161726
24.282115 3.153477
24.206094 3.148737
24.120572 3.141956
24.035290 3.135757
23.959685 3.129292
23.884044 3.128777
23.799000 3.130293
23.723685 3.129463
23.638671 3.130865
23.553652 3.134918
23.468508 3.131056
23.373821 3.129263
23.278899 3.132391
23.164837 3.133755
23.060341 3.133001
22.955806 3.138580
22.831843 3.142223
22.717614 3.142290
22.622430 3.145990
22.507848 3.152075
22.422134 3.151360
22.317201 3.152962
22.221416 3.159361
22.135074 3.163013
22.039379 3.165083
21.952781 3.173513
21.847258 3.180532
21.741405 3.181314
21.654367 3.183403
21.529419 3.189411
21.404136 3.188705
21.278869 3.186560
21.124844 3.187237
20.989993 3.185682
20.845672 3.180952
20.692023 3.181705
20.557258 3.180151
20.432612 3.174486
20.336681 3.171721
20.221630 3.172188
20.125926 3.168764
20.059245 3.162966
19.992352 3.156919
19.925702 3.149767
19.878232 3.137951
19.821152 3.127060
19.754554 3.116131
19.707220 3.104610
19.650272 3.100386
19.574149 3.095264
19.517216 3.080320
19.450805 3.071861
19.384317 3.067932
19.317881 3.054199
19.251693 3.037539
19.175751 3.032141
19.099880 3.031139
19.033946 3.028440
18.967441 3.029099
18.900992 3.031588
18.825177 3.025675
18.758655 3.021736
18.691870 3.023443
18.615681 3.020878
18.529989 3.015795
18.453500 3.018446
18.377047 3.020887
18.310177 3.018999
18.233607 3.020067
18.157013 3.022356
18.070930 3.020172
17.994407 3.021355
17.908223 3.026037
17.831781 3.027220
17.745864 3.026466
17.659666 3.031349
17.573424 3.033419
17.487459 3.032351
17.401282 3.033638
17.295961 3.036327
17.209770 3.030128
17.104477 3.027773
16.979892 3.032904
16.864954 3.034115
16.749707 3.031588
16.634819 3.036175
16.500697 3.037157
16.385807 3.035097
16.261255 3.035402
16.146276 3.037472
16.040746 3.033800
15.935522 3.032122
15.820627 3.032560
15.715413 3.028116
15.610108 3.017960
15.504764 3.013496
15.380227 3.008270
15.274909 2.998886
15.150297 2.994728
15.016044 2.992582
14.872155 2.984152
14.728331 2.976351
14.574760 2.974195
14.420988 2.970800
14.277231 2.957115
14.123535 2.953300
13.969928 2.946625
13.835810 2.940025
13.710942 2.931824
13.576863 2.928753
13.461750 2.920723
13.356559 2.917776
13.251080 2.901430
13.155368 2.891417
13.078817 2.875090
12.982922 2.867756
12.896785 2.856874
12.820230 2.840147
12.743498 2.824402
12.647634 2.812529
12.551851 2.796707
12.456090 2.785339
12.350690 2.786150
12.245448 2.775478
12.149710 2.765722
12.044440 2.763700
11.948675 2.760210
11.853077 2.753410
11.776580 2.758570
11.681075 2.758017
11.604622 2.752361
11.509111 2.748041
11.442239 2.744684
11.365826 2.742777
11.279867 2.728252
11.203454 2.718878
11.117469 2.719793
11.021673 2.712774
10.945259 2.710190
10.839921 2.706099
10.763346 2.704401
10.677055 2.701750
10.581300 2.706194
10.495034 2.709780
10.408938 2.708693
10.332241 2.714071
10.245897 2.717285
10.178975 2.716103
10.131014 2.717447
10.073664 2.721395
10.035490 2.715998
10.006753 2.706890
9.977964 2.702923
9.949310 2.695484
9.920364 2.674255
9.891609 2.664299
9.843624 2.655611
9.805451 2.646122
9.776715 2.629509
9.728663 2.631855
9.680876 2.625113
9.651941 2.617855
9.585019 2.613888
9.527502 2.612305
9.479861 2.612925
9.432057 2.618380
9.374847 2.620573
9.346422 2.614031
9.317847 2.612677
9.270265 2.614183
9.251456 2.601528
9.242178 2.590866
9.213678 2.587261
9.194832 2.577305
9.157064 2.570047
9.128687 2.571459
9.100224 2.573147
9.052757 2.571030
9.024561 2.569647
8.976972 2.563238
8.939097 2.560577
8.891523 2.551994
8.843911 2.546186
8.777272 2.525148
8.739410 2.505646
8.672658 2.502213
8.615769 2.497759
8.549229 2.479410
8.482702 2.477160
8.425568 2.481804
8.358820 2.473116
8.301770 2.473316
8.244730 2.476711
8.197132 2.476559
8.140274 2.478199
8.083305 2.486420
8.035787 2.506800
7.969081 2.503500
7.921562 2.506618
7.874133 2.517862
7.826718 2.514725
7.779177 2.518196
7.722002 2.528725
7.674311 2.526703
7.626832 2.524157
7.578947 2.526875
7.540693 2.527084
7.473829 2.522449
7.435280 2.524300
7.387255 2.524233
7.329699 2.511883
7.291032 2.509356
7.223606 2.512169
7.175321 2.506552
7.108099 2.500935
7.050266 2.504549
6.992472 2.503395
6.934751 2.500124
6.886499 2.501554
6.819209 2.503033
6.761563 2.495146
6.713770 2.490997
6.646726 2.493134
6.579799 2.480640
6.541665 2.467861
6.484267 2.464695
6.436657 2.451582
6.379440 2.440348
6.341463 2.439280
6.274791 2.438231
6.237004 2.425947
6.199135 2.429428
6.161221 2.431812
6.123366 2.430048
6.076022 2.426863
6.038187 2.428579
6.000249 2.432671
5.962253 2.429104
5.924466 2.433062
5.886418 2.435980
5.857880 2.435274
5.829487 2.437277
5.781901 2.441063
5.734348 2.435188
5.696294 2.434845
5.648550 2.437754
5.591304 2.440310
5.562746 2.439079
5.524746 2.443733
5.458005 2.447596
5.429405 2.450294
5.391145 2.453127
5.343411 2.464228
5.295542 2.466154
5.267076 2.471218
5.238309 2.476234
5.190598 2.481022
5.152537 2.478485
5.133354 2.483988
5.085421 2.492638
5.047264 2.491140
5.018615 2.492170
4.989661 2.496634
4.960972 2.494745
4.913129 2.493067
4.874651 2.495689
4.836347 2.498074
4.798120 2.503939
4.759809 2.506723
4.702404 2.507095
4.654653 2.503443
4.625827 2.496567
4.559174 2.502489
4.520994 2.493343
4.492507 2.483988
4.454464 2.485991
4.416569 2.483358
4.378566 2.474318
4.350097 2.473192
4.321473 2.461109
4.293041 2.437811
4.274067 2.424307
4.235682 2.408047
4.207415 2.392826
4.178810 2.371120
4.140531 2.346735
4.112027 2.322054
4.064167 2.281246
4.016246 2.271280
3.977946 2.261419
3.949285 2.254391
3.920797 2.251272
3.882512 2.245054
3.853963 2.232609
3.825441 2.222614
3.796796 2.221336
3.758668 2.211285
3.730276 2.203875
3.711332 2.206383
3.682763 2.200193
3.654391 2.190380
3.625993 2.175417
3.607053 2.171230
3.578734 2.158041
3.560102 2.150059
3.521919 2.150898
3.483990 2.148027
3.455756 2.136154
3.417822 2.136211
3.379860 2.137337
3.332379 2.134018
3.303946 2.138062
3.256394 2.136478
3.218500 2.133102
3.189979 2.124920
3.152082 2.133512
3.123721 2.137585
3.095335 2.133541
3.057449 2.138815
3.028855 2.141314
3.009806 2.128611
2.990926 2.123680
2.952835 2.120190
2.933693 2.114553
2.904919 2.103958
2.876401 2.102489
2.866849 2.096491
2.838122 2.085323
2.799971 2.085123
2.780665 2.084856
2.742652 2.078295
2.723422 2.077694
2.694673 2.078857
2.675551 2.066622
2.656496 2.067966
2.627972 2.075176
2.589637 2.065201
2.580295 2.042961
2.551532 2.048235
2.532668 2.052670
2.504059 2.045126
2.485026 2.049370
2.466086 2.043552
2.446976 2.025623
2.428161 2.022467
2.399622 2.013073
2.370838 1.999445
2.351791 1.986389
2.332796 1.986227
2.304088 1.986713
2.285043 1.976433
2.265758 1.972198
2.227590 1.969681
2.208548 1.960649
2.198869 1.949530
2.189149 1.954842
2.170139 1.954985
2.160579 1.940546
2.160552 1.947708
2.151161 1.946592
2.151064 1.938219
2.170238 1.930895
2.151053 1.925468
2.151042 1.913004
2.151026 1.905556
2.141328 1.903324
2.122150 1.902714
2.112607 1.900415
2.093429 1.894455
2.093493 1.889076
2.074099 1.882067
2.055038 1.878881
2.035846 1.874962
2.016660 1.868296
2.006954 1.862335
1.997122 1.867075
1.977998 1.872950
1.968398 1.868067
1.949147 1.864414
1.910972 1.863089
1.891780 1.854830
1.872598 1.854696
1.853598 1.848650
1.834478 1.836634
1.815523 1.781435
1.796180 1.762819
1.786715 1.715908
1.767600 1.650724
1.757832 1.639681
1.728999 1.629238
1.710053 1.610813
1.700360 1.617956
1.671712 1.610594
1.652644 1.591606
1.614586 1.572475
1.595251 1.573267
1.566483 1.571074
1.556965 1.564541
1.528492 1.572113
1.499770 1.546974
1.490405 1.519527
1.461717 1.475801
1.442441 1.439390
1.433103 1.408052
1.423509 1.389227
1.432982 1.388474
1.413750 1.390858
1.414017 1.327305
1.404254 1.303062
1.385023 1.275082
1.375605 1.247702
1.385061 1.224222
1.365839 1.220436
1.366091 1.183710
1.356328 1.112070
1.337054 1.079731
1.337017 1.053209
1.327256 1.005707
1.317579 0.987644
1.298364 1.005850
1.298265 0.965385
1.288538 0.937176
1.269410 0.921326
1.250225 0.894852
1.231174 0.898552
1.211830 0.910950
1.202294 0.920401
1.173701 0.918255
1.164099 0.922041
1.154638 0.925426
1.145097 0.923319
1.145110 0.930214
1.126137 0.936794
1.126399 0.930805
1.135959 0.915165
1.145686 0.895414
1.155172 0.808697
1.155651 0.684805
1.155727 0.605364
1.155862 0.592356
1.155908 0.586376
1.146199 0.587111
1.136710 0.591040
1.117961 0.583410
1.108368 0.572758
1.108228 0.569773
1.089410 0.559340
1.089331 0.549726
1.079694 0.553608
1.079821 0.557041
1.060540 0.537539
1.070248 0.530996
1.060438 0.529146
1.060572 0.523052
1.060518 0.508890
1.070022 0.513239
1.060208 0.501480
1.060506 0.483303
1.060297 0.453920
1.060256 0.438509
1.050891 0.399084
1.060229 0.390806
1.050793 0.388460
1.041205 0.366182
1.022391 0.360909
1.012573 0.354404
1.012618 0.343637
0.984088 0.328665
0.983927 0.321369
0.964772 0.308237
0.955196 0.288115
0.945859 0.279636
0.926609 0.271006
0.897808 0.229416
0.907553 0.162888
0.888260 0.120792
0.878923 0.099401
0.869460 0.089178
0.860139 0.089064
0.841008 0.091562
0.831445 0.084810
0.812447 0.092220
0.802797 0.097313
0.793368 0.090847
0.774441 0.088730
0.764856 0.098562
0.745778 0.097113
0.736227 0.087662
0.726614 0.096579
0.707629 0.098019
0.698050 0.089531
0.688529 0.093927
0.678836 0.104561
0.669344 0.095949
0.669467 0.092831
0.659913 0.099611
0.650335 0.094366
0.640818 0.086336
0.631234 0.095778
0.621753 0.099382
0.602595 0.092344
0.593310 0.096598
0.564600 0.104132
0.545387 0.092907
0.526092 0.085573
0.497327 0.097570
0.487680 0.092163
0.459006 0.087309
0.449379 0.096312
0.420619 0.093632
0.411064 0.087223
0.401416 0.093575
0.382257 0.101690
0.363104 0.094013
0.363233 0.091057
0.344070 0.097666
0.343897 0.091801
0.324729 0.086384
0.324610 0.093584
0.314909 0.092154
0.305355 0.085526
0.314843 0.089445
0.276576 0.098581
0.267033 0.091619
0.257397 0.090122
0.247758 0.096302
0.238100 0.089827
0.228546 0.081339
0.209334 0.089474
0.199838 0.089312
0.199878 0.081244
0.180669 0.086718
0.161606 0.094490
0.161547 0.088358
0.152035 0.085726
0.151893 0.094643
0.142346 0.087881
0.142400 0.081644
0.152038 0.089750
0.142232 0.092440
0.142311 0.083218
0.142374 0.089273
0.142332 0.096598
0.151852 0.087490
0.151779 0.084305
0.142129 0.092096
0.142247 0.085716
0.132850 0.078535
0.132850 0.085077
0.104029 0.086441
0.113547 0.079966
0.104107 0.085506
0.094400 0.092344
0.104075 0.084801
0.094441 0.083637
0.113526 0.092707
0.122971 0.085516
0.123144 0.080204
0.132769 0.088034
0.142129 0.089121
0.152013 0.082626
0.161363 0.089903
0.170994 0.096455
0.161325 0.089455
0.180436 0.088272
0.180409 0.097322
0.170914 0.090208
0.180493 0.083227
0.170727 0.091219
0.161197 0.091667
0.170785 0.083380
0.161323 0.089998
0.161109 0.096664
0.151615 0.088968
0.151546 0.087414
0.141908 0.096149
0.132314 0.089817
0.132261 0.083570
