0.000000 0.094213
0.000000 0.101700
0.000000 0.101309
0.000000 0.093346
0.000000 0.100632
0.000000 0.106697
0.000000 0.099878
0.000000 0.099735
0.000000 0.108547
0.000000 0.100203
0.000000 0.094423
0.000000 0.101700
0.000000 0.101480
0.000000 0.093126
0.000000 0.100803
0.000000 0.106525
0.000000 0.099745
0.000000 0.099649
0.000000 0.108433
0.000000 0.100584
0.000000 0.094919
0.000000 0.102072
0.000000 0.101471
0.000000 0.093174
0.000000 0.100946
0.000000 0.106306
0.000000 0.099411
0.000000 0.099649
0.000000 0.108509
0.000000 0.100613
0.000000 0.094805
0.000000 0.101576
0.000000 0.100794
0.000000 0.092249
0.000000 0.099773
0.000000 0.104914
0.000000 0.097818
0.000000 0.098019
0.000000 0.105667
0.000000 0.097313
0.000005 0.091677
0.000000 0.099068
0.000054 0.098162
0.000000 0.089035
0.000000 0.096006
0.000000 0.101843
0.000000 0.095034
0.000000 0.095921
0.000000 0.104561
0.000000 0.096502
0.000000 0.090847
0.000000 0.098429
0.000000 0.096302
0.000000 0.088243
0.000000 0.096397
0.000000 0.101099
0.000000 0.094652
0.000000 0.096254
0.000000 0.104609
0.000000 0.096550
0.000000 0.091639
0.000000 0.098839
0.000000 0.096931
0.000000 0.088243
0.000000 0.096292
0.000000 0.100584
0.000000 0.093727
0.000000 0.094490
0.000000 0.103598
0.000000 0.095053
0.000000 0.090227
0.000000 0.097561
0.000000 0.095634
0.000000 0.087643
0.000007 0.095778
0.000000 0.100555
0.000000 0.093946
0.000044 0.095377
0.000000 0.104475
0.000000 0.096006
0.000000 0.091562
0.000000 0.099163
0.000000 0.096874
0.000000 0.088949
0.000000 0.097303
0.000000 0.101843
0.000000 0.094986
0.000000 0.097179
0.000000 0.105495
0.000000 0.097446
0.000000 0.092783
0.000000 0.100193
0.000000 0.097551
0.000000 0.089712
0.000000 0.097790
0.000000 0.102196
0.000000 0.095558
0.018789 0.097666
0.009365 0.106525
0.000000 0.098457
0.019151 0.094404
0.019300 0.101862
0.019458 0.099134
0.009973 0.091286
0.000394 0.099459
0.009980 0.103340
0.010209 0.096798
0.010145 0.099478
0.010118 0.107841
0.010171 0.099640
0.010112 0.095625
0.019664 0.102863
0.019587 0.099583
0.010092 0.091743
0.010058 0.099783
0.010091 0.103426
0.010042 0.097151
0.019576 0.099735
0.010037 0.107708
0.000528 0.099506
0.010176 0.095615
0.000485 0.102940
0.000512 0.099344
0.000000 0.091391
0.000000 0.098667
0.000000 0.102463
0.000000 0.095444
0.000000 0.098476
0.000000 0.106230
0.000000 0.098171
0.000000 0.094719
0.000000 0.102291
0.000000 0.098562
0.000000 0.090914
0.000000 0.098963
0.000000 0.102386
0.000000 0.095911
0.000000 0.099344
0.000000 0.107288
0.000000 0.099049
0.000000 0.095339
0.000000 0.102987
0.000000 0.099039
0.000000 0.091381
0.000000 0.099354
0.000000 0.102463
0.000000 0.095539
0.000000 0.099211
0.000000 0.106945
0.000000 0.099125
0.000000 0.095930
0.000000 0.103617
0.000000 0.099173
0.000000 0.091667
0.000000 0.099535
0.000000 0.102386
0.000000 0.095377
0.000000 0.099344
0.000000 0.107079
0.000000 0.099297
0.000000 0.096178
0.000000 0.103951
0.000000 0.099392
0.000000 0.092020
0.000000 0.100031
0.000000 0.102806
0.000000 0.095873
0.000000 0.099964
0.000000 0.107422
0.000000 0.099659
0.000000 0.096865
0.000000 0.104914
0.000000 0.099964
0.000000 0.092802
0.000000 0.100536
0.000000 0.103025
0.000000 0.095682
0.000000 0.100336
0.000000 0.107841
0.000000 0.100327
0.000000 0.097446
0.000000 0.105467
0.000000 0.100250
0.000000 0.093060
0.000000 0.100737
0.000000 0.102921
0.000000 0.095682
0.000000 0.100460
0.000000 0.107708
0.000000 0.100164
0.000000 0.097628
0.000000 0.105581
0.000000 0.100336
0.000000 0.093203
0.000000 0.100851
0.000000 0.102882
0.000000 0.095415
0.000000 0.100069
0.000000 0.107164
0.000000 0.099449
0.000000 0.097237
0.000000 0.105667
0.000000 0.100050
0.000000 0.093002
0.000000 0.100746
0.000000 0.102606
0.000000 0.095129
0.000000 0.100203
0.000000 0.107384
0.000000 0.099649
0.000000 0.097523
0.000000 0.105791
0.000000 0.100136
0.000000 0.093126
0.000000 0.100727
0.000000 0.102434
0.000000 0.095100
0.000000 0.100803
0.000000 0.107822
0.000000 0.100470
0.000000 0.098486
0.000000 0.106869
0.000000 0.100756
0.000000 0.093861
0.000000 0.101547
0.000000 0.102930
0.000000 0.095129
0.000000 0.101347
0.000000 0.108128
0.000000 0.100546
0.000000 0.098772
0.000000 0.107183
0.000000 0.100861
0.000000 0.094109
0.000000 0.101852
0.000000 0.102959
0.000000 0.095186
0.000000 0.101414
0.000000 0.108166
0.000000 0.100842
0.000000 0.099316
0.000000 0.107756
0.000000 0.101099
0.000000 0.094366
0.000000 0.101595
0.000000 0.102339
0.000000 0.094070
0.000000 0.100203
0.000000 0.105753
0.000000 0.098324
0.000000 0.096951
0.000000 0.105782
0.000000 0.098324
0.000000 0.091724
0.000000 0.098753
0.000000 0.099077
0.000000 0.091248
0.000000 0.097780
0.000000 0.104227
0.000000 0.097065
0.000000 0.095997
0.000000 0.104609
0.000000 0.097446
0.000000 0.091114
0.000000 0.098276
0.000000 0.098324
0.000000 0.090075
0.000000 0.096149
0.000000 0.103226
0.000000 0.094461
0.000000 0.093708
0.000000 0.102158
0.000000 0.094194
0.000000 0.087051
0.000000 0.094261
0.000000 0.094080
0.000000 0.086727
0.000000 0.094604
0.000000 0.101128
0.000000 0.094032
0.000000 0.092764
0.000000 0.101833
0.000000 0.095081
0.000000 0.088348
0.000000 0.095377
0.000000 0.095568
0.000000 0.087757
0.000000 0.095062
0.000000 0.100765
0.000000 0.093193
0.000000 0.092335
0.000000 0.101328
0.000000 0.093870
0.000000 0.087757
0.000000 0.094824
0.000000 0.094957
0.000000 0.086985
0.000000 0.094471
0.000000 0.100756
0.000000 0.094080
0.000000 0.093832
0.000000 0.102634
0.000000 0.094814
0.000000 0.088968
0.000000 0.096083
0.000000 0.096636
0.000000 0.088539
0.000000 0.095997
0.000000 0.101929
0.000000 0.094843
0.000000 0.094423
0.000000 0.103226
0.000000 0.095558
0.000000 0.089788
0.000000 0.096855
0.000000 0.096302
0.000000 0.088358
0.000000 0.095844
0.000000 0.101633
0.000000 0.095015
0.000000 0.095301
0.000000 0.103741
0.000000 0.095863
0.000000 0.090361
0.000000 0.097733
0.000000 0.097294
0.000000 0.089369
0.000000 0.097122
0.000000 0.102654
0.000000 0.095739
0.000000 0.095911
0.000000 0.104780
0.000000 0.096836
0.000000 0.091515
0.000000 0.098648
0.000000 0.097828
0.000000 0.089636
0.000000 0.097589
0.000000 0.102739
0.000000 0.095806
0.000000 0.096350
0.000000 0.105066
0.000000 0.097036
0.000000 0.091610
0.000000 0.098791
0.000000 0.097685
0.000000 0.089731
0.000000 0.097628
0.000000 0.102806
0.000000 0.095825
0.000000 0.096607
0.000000 0.105286
0.000000 0.097198
0.000000 0.092058
0.000000 0.099287
0.000000 0.097733
0.000000 0.089655
0.000000 0.097570
0.000000 0.102510
0.000000 0.096226
0.000000 0.097046
0.000000 0.105743
0.000000 0.097666
0.000000 0.092592
0.000000 0.099955
0.000000 0.098362
0.000000 0.090523
0.000000 0.098524
0.000000 0.103254
0.000000 0.096445
0.000000 0.097704
0.000000 0.106230
0.000000 0.097694
0.000000 0.092287
0.000000 0.098724
0.000000 0.097494
0.000000 0.089340
0.000000 0.096626
0.000000 0.101385
0.000000 0.094624
0.000000 0.096416
0.000000 0.104065
0.000000 0.097122
0.000000 0.094318
0.000000 0.103321
0.000000 0.100489
0.009371 0.092030
0.037951 0.099449
0.057120 0.102510
0.085792 0.094500
0.104851 0.096350
0.114529 0.103855
0.133767 0.091629
0.162451 0.087967
0.181593 0.094442
0.191237 0.094891
0.200827 0.089455
0.200946 0.099297
0.210643 0.102282
0.220158 0.096684
0.229831 0.097561
0.239397 0.107822
0.249036 0.098982
0.268092 0.091505
0.267950 0.096483
0.268127 0.095139
0.287225 0.087929
0.296878 0.098743
0.296862 0.101442
0.325620 0.094566
0.354325 0.095425
0.363838 0.104342
0.373450 0.097780
0.402151 0.092850
0.411835 0.102415
0.411805 0.096617
0.431036 0.089502
0.440584 0.100298
0.450055 0.103903
0.469047 0.098000
0.488389 0.100079
0.497773 0.107946
0.498051 0.097046
0.516986 0.093098
0.516701 0.103016
0.516889 0.098858
0.535853 0.090408
0.555018 0.100460
0.564570 0.105867
0.583705 0.096817
0.612352 0.096579
0.640926 0.109768
0.650509 0.101328
0.669449 0.093403
0.688569 0.100412
0.717231 0.100021
0.736318 0.093422
0.764906 0.098991
0.783731 0.107346
0.802915 0.099535
0.831505 0.100813
0.850535 0.111465
0.860283 0.101299
0.888844 0.091848
0.898426 0.098763
0.927100 0.094528
0.936652 0.087986
0.946098 0.097799
0.955747 0.101910
0.965326 0.093908
0.974580 0.095758
0.974482 0.107574
0.984259 0.099354
1.003316 0.096140
1.012716 0.102491
1.022463 0.106144
1.031869 0.102100
1.041569 0.111628
1.060756 0.125723
1.079888 0.145454
1.108603 0.157623
1.127524 0.163088
1.146944 0.162325
1.175531 0.172529
1.175305 0.181246
1.184901 0.184784
1.213582 0.188246
1.223203 0.206127
1.232498 0.208626
1.242258 0.203495
1.270761 0.215197
1.280226 0.218668
1.289874 0.215492
1.318613 0.209808
1.328185 0.211535
1.337643 0.205441
1.356676 0.219316
1.375705 0.253286
1.394961 0.271645
1.413950 0.279093
1.442615 0.301628
1.461729 0.341434
1.480892 0.345364
1.499852 0.355501
1.518791 0.379868
1.528236 0.383997
1.556912 0.389051
1.585350 0.404949
1.613896 0.419550
1.652123 0.422649
1.680492 0.435658
1.718619 0.451908
1.746954 0.446148
1.785052 0.446787
1.813548 0.466261
1.842359 0.466261
1.880344 0.460596
1.918503 0.493622
1.947222 0.512657
1.975935 0.526819
2.023714 0.569935
2.033305 0.617542
2.071699 0.643349
2.100330 0.685654
2.148384 0.709658
2.176982 0.709391
2.205948 0.713177
2.244215 0.729856
2.253817 0.764704
2.282762 0.764008
2.282683 0.779543
2.301973 0.790215
2.311570 0.792370
2.340190 0.792999
2.340321 0.789547
2.359540 0.794182
2.369221 0.797634
2.378820 0.830297
2.378870 0.869989
2.388380 0.918045
2.398307 0.940866
2.388659 0.945110
2.407886 0.955429
2.427136 0.962467
2.436693 0.967112
2.446330 0.980177
2.475168 0.987415
2.494283 1.011791
2.522818 1.044607
2.551618 1.069794
2.599314 1.102276
2.608705 1.126471
2.637415 1.132298
2.656478 1.133957
2.675501 1.133490
2.694541 1.127357
2.713586 1.139212
2.742088 1.146650
2.761166 1.144495
2.770825 1.141434
2.808970 1.169586
2.818344 1.195860
2.856598 1.204796
2.885203 1.215324
2.904046 1.212692
2.932705 1.212473
2.961090 1.199408
2.999176 1.217623
3.008472 1.220360
3.027521 1.230288
3.046439 1.245670
3.065427 1.255884
3.084492 1.256504
3.122576 1.270351
3.112871 1.307735
3.131922 1.318073
3.141625 1.315527
3.170277 1.350689
3.179960 1.370592
3.208711 1.369600
3.227783 1.388655
3.246984 1.406765
3.275609 1.417627
3.304538 1.439104
3.333297 1.454945
3.352637 1.451740
3.390932 1.447201
3.400520 1.464663
3.429366 1.462803
3.448776 1.459799
3.477780 1.489792
3.487523 1.515322
3.506795 1.505804
3.526274 1.520138
3.535906 1.519060
3.555156 1.525078
3.584350 1.528358
3.603305 1.525908
3.603398 1.536598
3.632202 1.521006
3.642107 1.536779
3.642085 1.586351
3.661291 1.597252
3.690125 1.622248
3.690162 1.634665
3.690204 1.630592
3.718990 1.614637
3.728669 1.606674
3.747588 1.596174
3.757210 1.590233
3.776250 1.605482
3.766473 1.603498
3.776115 1.619282
3.776053 1.635084
3.785529 1.656866
3.795049 1.658068
3.795023 1.649637
3.794857 1.687412
3.813986 1.704779
3.814010 1.721306
3.842689 1.725550
3.861744 1.737547
3.871388 1.731539
3.890558 1.739035
3.909697 1.734762
3.928557 1.742229
3.957390 1.724472
3.976244 1.720343
4.004861 1.724730
4.033563 1.731424
4.052400 1.731291
4.052459 1.744089
4.071467 1.747322
4.080839 1.765499
4.109313 1.767559
4.128296 1.788578
4.156855 1.783800
4.195415 1.773176
4.233332 1.786356
4.271413 1.783676
4.309681 1.793213
4.347692 1.806011
4.395528 1.812143
4.424074 1.821690
4.452623 1.831045
4.481467 1.828756
4.529210 1.833811
4.567186 1.852360
4.595930 1.848927
4.643513 1.835575
4.672202 1.849318
4.719777 1.877613
4.748295 1.882257
4.805535 1.875696
4.843656 1.906223
4.881892 1.923828
4.929403 1.910543
4.977106 1.914797
5.014948 1.917677
5.072248 1.918106
5.110278 1.929550
5.138763 1.957073
5.176860 1.959543
5.243652 1.953382
5.272206 1.954451
5.310249 1.953201
5.358085 1.943760
5.405796 1.949387
5.462936 1.948786
5.510673 1.953144
5.577299 1.959219
5.624887 1.968899
5.672729 1.978283
5.720562 1.976824
5.768353 1.984568
5.796934 1.983624
5.854039 1.986475
5.892178 1.992006
5.930427 1.990643
5.978192 1.992331
6.006769 2.000046
6.044871 2.024460
6.092839 2.025461
6.140496 2.020187
6.197674 2.035980
6.236102 2.036676
6.293515 2.038908
6.350662 2.047005
6.417381 2.045078
6.474974 2.043686
6.532165 2.051039
6.599153 2.058916
6.647040 2.054472
6.714082 2.062836
6.752408 2.069254
6.800413 2.064657
6.857672 2.064381
6.905711 2.066593
6.962872 2.072992
7.020605 2.073278
7.058926 2.073021
7.125888 2.083740
7.164395 2.083540
7.240819 2.092171
7.288329 2.091227
7.355209 2.075443
7.412415 2.070618
7.469713 2.073412
7.517358 2.077055
7.584051 2.068291
7.641334 2.074327
7.688890 2.076283
7.736535 2.074718
7.793528 2.080526
7.841388 2.102261
7.908183 2.095470
7.984436 2.084074
8.060677 2.082939
8.136916 2.080736
8.232510 2.075424
8.318506 2.083187
8.404422 2.071295
8.490376 2.072983
8.585899 2.081919
8.652561 2.094135
8.747972 2.098570
8.824241 2.106686
8.900587 2.121277
8.977049 2.132406
9.072558 2.143621
9.158284 2.171755
9.253689 2.183609
9.349446 2.201519
9.445235 2.224216
9.559886 2.243013
9.674613 2.249737
9.799273 2.248669
9.933026 2.247190
10.047936 2.237272
10.191655 2.220936
10.325627 2.214718
10.449944 2.218447
10.574535 2.218695
10.689204 2.223568
10.803872 2.232456
10.909046 2.234020
11.024079 2.241058
11.129194 2.253189
11.224983 2.274828
11.320872 2.272930
11.445220 2.280140
11.550790 2.293272
11.656205 2.294970
11.790396 2.297029
11.895981 2.310896
12.020731 2.312231
12.145524 2.315226
12.260551 2.323551
12.385302 2.326698
12.500302 2.320137
12.615210 2.337952
12.730007 2.351637
12.825597 2.346773
12.949947 2.345314
13.045506 2.357254
13.141195 2.358570
13.255764 2.354889
13.360918 2.372417
13.465752 2.371378
13.590132 2.381306
13.714337 2.400169
13.847789 2.399292
13.981665 2.405338
14.143771 2.414436
14.277399 2.426062
14.420394 2.431231
14.582484 2.441673
14.715974 2.448740
14.830324 2.474527
14.982992 2.466469
15.116254 2.477293
15.240061 2.485504
15.373552 2.481976
15.497305 2.482328
15.630763 2.490692
15.745150 2.493734
15.888230 2.499056
16.031063 2.506638
16.164463 2.511616
16.316942 2.512341
16.469292 2.522316
16.612223 2.528601
16.755185 2.531719
16.917017 2.540998
17.050168 2.553492
17.183442 2.552090
17.307214 2.552414
17.440313 2.560368
17.554474 2.560444
17.678284 2.552414
17.783023 2.542562
17.878303 2.538624
17.983399 2.530546
18.097837 2.524004
18.183787 2.524729
18.270279 2.515554
18.365928 2.508030
18.452180 2.514153
18.548264 2.518291
18.644422 2.515106
18.740705 2.519684
18.827250 2.520208
18.923690 2.514429
19.020021 2.517843
19.087700 2.516298
19.155537 2.514820
19.242342 2.518320
19.300263 2.568388
19.358359 2.566433
19.406852 2.566147
19.455314 2.569704
19.493978 2.565737
19.532715 2.563725
19.561594 2.566509
19.590635 2.574520
19.629278 2.575197
19.648582 2.577219
19.677287 2.584858
19.706356 2.586985
19.716261 2.593336
19.745203 2.600927
19.774178 2.615843
19.812832 2.637043
19.870658 2.645388
19.909544 2.663546
19.977041 2.676649
20.054012 2.684336
20.121155 2.692070
20.216842 2.691441
20.303078 2.701311
20.398244 2.724142
20.493435 2.760506
20.569267 2.766914
20.635374 2.771673
20.701481 2.786970
20.767639 2.797327
20.823968 2.813025
20.870904 2.824841
20.908320 2.832069
20.945798 2.843027
20.992939 2.849407
21.049822 2.854910
21.106712 2.860165
21.173405 2.872572
21.239936 2.873316
21.306474 2.863979
21.373199 2.853928
21.429953 2.836905
21.496603 2.825670
21.553588 2.814264
21.591249 2.799282
21.609968 2.795744
21.638201 2.787542
21.637866 2.776346
21.628185 2.783585
21.618766 2.772980
21.609637 2.762041
21.581616 2.764435
21.573002 2.767859
21.564619 2.761173
21.575645 2.757273
21.586665 2.752943
21.598015 2.743464
21.637791 2.731428
21.667937 2.719364
21.708058 2.710943
21.757442 2.709961
21.777726 2.720022
21.807734 2.724533
21.837435 2.726650
21.867083 2.743540
21.886838 2.761745
21.935396 2.765522
21.974168 2.779837
22.003136 2.792301
22.070639 2.792206
22.128092 2.810965
22.185588 2.825222
22.262136 2.829380
22.357676 2.828016
22.452981 2.835751
22.558004 2.845154
22.672501 2.849798
22.767678 2.857819
22.872521 2.867413
22.967729 2.867146
23.053543 2.870703
23.129544 2.880783
23.224734 2.878847
23.310517 2.875376
23.386711 2.882128
23.453514 2.883434
23.530032 2.884598
23.597027 2.889090
23.663998 2.894964
23.721607 2.893505
23.788544 2.895718
23.836504 2.904987
23.884512 2.901850
23.942269 2.901773
24.009344 2.907047
24.066807 2.909698
24.124569 2.908707
24.182069 2.913399
24.249216 2.924309
24.297501 2.921276
24.355295 2.921829
24.413063 2.926435
24.471051 2.928238
24.529125 2.927780
24.596404 2.932606
24.654329 2.935257
24.721953 2.936821
24.798828 2.940931
24.856648 2.948799
24.933396 2.949953
25.010030 2.951670
25.076925 2.957134
25.134340 2.956171
25.210509 2.956858
25.267558 2.961063
25.305429 2.962456
25.362569 2.960043
25.400319 2.964668
25.419069 2.972326
25.456869 2.975550
25.485242 2.978992
25.522972 2.985973
25.561003 2.988911
25.598959 2.991228
25.636627 2.993202
25.674515 2.994690
25.702757 2.997570
25.730898 3.004913
25.768437 3.008995
25.815844 3.009405
25.863152 3.010912
25.910773 3.017607
25.968068 3.018236
26.054051 3.017626
26.121194 3.022366
26.207359 3.025751
26.322515 3.030138
26.428132 3.038893
26.543187 3.048067
26.677492 3.049927
26.821356 3.054276
26.955366 3.058281
27.108267 3.058987
27.270848 3.063345
27.423603 3.074865
27.575940 3.081160
27.718950 3.086281
27.861724 3.094292
27.975679 3.102036
28.090017 3.100529
28.213757 3.102360
28.309114 3.106222
28.423907 3.102913
28.538604 3.104162
28.672674 3.110590
28.778212 3.110609
28.922009 3.111496
29.046411 3.114376
29.171012 3.118296
29.285929 3.118706
29.410235 3.125706
29.496241 3.139572
29.572744 3.142071
29.649125 3.146067
29.706421 3.154430
29.754026 3.161182
29.782946 3.171587
29.821127 3.185530
29.840356 3.196125
29.859527 3.194666
29.888193 3.196850
29.907117 3.202963
29.926250 3.202324
29.964113 3.204079
30.001823 3.209085
30.039560 3.211250
30.077166 3.210096
30.123924 3.216429
30.151497 3.220882
30.179296 3.220978
30.206683 3.223219
30.215381 3.227129
30.224011 3.224449
30.242476 3.222685
30.251558 3.225708
30.270342 3.221903
30.308781 3.215523
30.366320 3.218775
30.433476 3.220720
30.500938 3.222399
30.577931 3.224487
30.664218 3.228054
30.760391 3.228369
30.856552 3.226538
30.961684 3.230667
31.057067 3.234968
31.162454 3.234482
31.248024 3.240271
31.323982 3.244667
31.409574 3.248167
31.485624 3.249502
31.552010 3.255987
31.628258 3.257103
31.704559 3.258543
31.809136 3.267708
31.885441 3.270035
31.999900 3.272324
32.094894 3.281240
32.199467 3.287525
32.294431 3.287020
32.389118 3.290043
32.455182 3.294773
32.511697 3.290720
32.568226 3.286295
32.596076 3.286800
32.614651 3.281708
32.624005 3.281813
32.614455 3.288431
32.614465 3.291197
32.615103 3.290081
32.634699 3.291512
32.635302 3.294792
32.645547 3.292217
32.665673 3.290520
32.685556 3.291798
32.734450 3.290071
32.773252 3.281393
32.812103 3.277874
32.860559 3.276205
32.909047 3.271141
32.966849 3.268833
33.005469 3.271675
33.044256 3.266859
33.083011 3.266630
33.131394 3.273973
33.189247 3.277607
33.256749 3.278427
33.324088 3.288059
33.391534 3.296509
33.487599 3.298273
33.583494 3.302488
33.659933 3.307543
33.755287 3.306599
33.831656 3.309135
33.898002 3.312492
33.954729 3.312950
33.973027 3.309765
34.000688 3.311853
33.999673 3.311968
33.998835 3.309584
33.997814 3.310070
33.968439 3.314533
33.958388 3.309908
33.958089 3.305817
33.957624 3.306417
33.976591 3.300524
33.986311 3.296976
34.015115 3.301344
34.053734 3.303528
34.092266 3.300409
34.150083 3.300552
34.188823 3.304539
34.246842 3.300819
34.295306 3.300037
34.324702 3.303623
34.325422 3.304853
34.364771 3.304100
34.385006 3.309755
34.395822 3.314934
34.425833 3.315296
34.436714 3.319387
34.485636 3.323441
34.515265 3.322668
34.563840 3.322649
34.592998 3.327694
34.631537 3.327026
34.669874 3.322992
34.679321 3.324776
34.707630 3.325062
34.716744 3.321037
34.716129 3.322115
34.725129 3.325357
34.724763 3.323441
34.734106 3.323164
34.743478 3.327360
34.762745 3.324728
34.801291 3.324728
34.849333 3.329220
34.916249 3.333216
34.973730 3.333035
35.050085 3.333998
35.126356 3.337574
35.202379 3.336630
35.269065 3.336668
35.344772 3.340063
35.411339 3.341551
35.468172 3.340216
35.525096 3.343801
35.553433 3.345022
35.591387 3.350468
35.648380 3.354464
35.696108 3.361435
35.743659 3.363800
35.800538 3.367672
35.847730 3.372536
35.913984 3.373203
35.960922 3.373461
36.007625 3.376865
36.054084 3.377104
36.100858 3.374872
36.157004 3.375196
36.184813 3.376026
36.212799 3.370810
36.250865 3.366852
36.260220 3.370218
36.279453 3.368111
36.289429 3.360100
36.309104 3.362417
36.309715 3.363590
36.300748 3.361654
36.301358 3.360071
36.282535 3.353167
36.273585 3.343925
36.273869 3.334131
36.264722 3.331528
36.246099 3.325310
36.265840 3.321104
36.266428 3.325129
36.267164 3.328466
36.268121 3.329210
36.288014 3.334875
36.269633 3.340139
36.280063 3.341017
36.299769 3.342915
36.300126 3.349562
36.300425 3.351946
36.310149 3.350754
36.309723 3.351488
36.309417 3.349552
36.318426 3.347425
36.317525 3.347225
36.306992 3.349266
36.287207 3.348799
36.276858 3.347616
36.256869 3.350048
36.227646 3.347635
36.208435 3.346910
36.188967 3.352270
36.188986 3.358765
36.169903 3.360262
36.189160 3.365126
36.198733 3.369713
36.227274 3.369617
36.246009 3.370895
36.265042 3.375025
36.283863 3.374367
36.283609 3.372059
36.273674 3.374300
36.244766 3.372622
36.235211 3.370829
36.215754 3.372993
36.196521 3.375378
36.196584 3.373041
36.177477 3.373070
36.187102 3.375378
36.187104 3.371401
36.196816 3.368521
36.206108 3.369350
36.205891 3.368855
36.234581 3.368740
36.244033 3.367929
36.243900 3.365622
36.253522 3.361101
36.244229 3.357048
36.263640 3.359528
36.254706 3.359680
36.265225 3.358822
36.275386 3.364296
36.276357 3.366861
36.315485 3.366442
36.354526 3.370361
36.383639 3.374643
36.422251 3.375092
36.460671 3.373842
36.489274 3.377142
36.508455 3.376169
36.527559 3.375530
36.546289 3.378916
36.545975 3.377542
36.555338 3.373756
36.545343 3.375177
36.497093 3.377237
36.458675 3.375616
36.420051 3.376350
36.372027 3.379927
36.323977 3.378811
36.294940 3.376617
36.256202 3.378983
36.207999 3.378897
36.150267 3.375273
36.092264 3.376894
36.024734 3.377657
35.957312 3.374367
35.880362 3.373346
35.784231 3.376446
35.707356 3.375998
35.611309 3.375597
35.524688 3.380280
35.428527 3.381166
35.341823 3.380480
35.245461 3.384085
35.120174 3.387117
34.995105 3.384047
34.869765 3.381300
34.744561 3.380919
34.600368 3.373652
34.484979 3.364401
34.360131 3.363161
34.235585 3.356152
34.130422 3.347673
34.025338 3.344755
33.901447 3.339281
33.787404 3.334894
33.682965 3.335085
33.578539 3.341198
33.483953 3.343601
33.398944 3.346977
33.313870 3.358059
33.247722 3.362370
33.162661 3.362064
33.086582 3.365583
32.991150 3.366508
32.895776 3.362122
32.809763 3.357687
32.685468 3.356256
32.561341 3.345413
32.446396 3.331795
32.312380 3.325596
32.169011 3.317070
32.035272 3.304243
31.910970 3.308640
31.786915 3.306074
31.663027 3.302698
31.567479 3.299599
31.452977 3.295393
31.357589 3.283768
31.281041 3.272152
31.214082 3.270168
31.147172 3.266869
31.070727 3.262100
30.994024 3.260517
30.927046 3.260069
30.831329 3.253946
30.754891 3.253164
30.649811 3.255882
30.544805 3.255281
30.439966 3.254795
30.354247 3.258705
30.249630 3.263702
30.164342 3.262253
30.088369 3.266811
30.002923 3.270512
29.946414 3.268833
29.889760 3.270378
29.832931 3.275509
29.775853 3.274364
29.728282 3.273153
29.670967 3.275499
29.594318 3.273888
29.527199 3.271198
29.459904 3.269720
29.363878 3.267441
29.267791 3.260508
29.162204 3.254919
29.037319 3.253059
28.931959 3.246613
28.816915 3.238821
28.711611 3.238955
28.596966 3.238697
28.491887 3.237619
28.396281 3.245020
28.291345 3.250303
28.196093 3.252439
28.110040 3.254366
27.985714 3.259630
27.871057 3.259535
27.756237 3.259287
27.621960 3.264637
27.487870 3.267479
27.334695 3.267765
27.190839 3.273392
27.047093 3.278008
26.903098 3.278399
26.768916 3.281927
26.624881 3.288107
26.509580 3.288336
26.384591 3.287153
26.269046 3.287668
26.163132 3.283749
26.066580 3.279047
25.960647 3.274794
25.844831 3.272400
25.729154 3.267193
25.604155 3.262339
25.488405 3.253851
25.363401 3.235769
25.238560 3.223629
25.113697 3.215113
24.989014 3.203564
24.874086 3.191586
24.759188 3.186092
24.653881 3.180742
24.539421 3.170424
24.453587 3.162899
24.358151 3.161726
24.282115 3.153477
24.206094 3.148737
24.120572 3.141956
24.035290 3.135757
23.959685 3.129292
23.884044 3.128777
23.799000 3.130293
23.723685 3.129463
23.638671 3.130865
23.553652 3.134918
23.468508 3.131056
23.373821 3.129263
23.278899 3.132391
23.164837 3.133755
23.060341 3.133001
22.955806 3.138580
22.831843 3.142223
22.717614 3.142290
22.622430 3.145990
22.507848 3.152075
22.422134 3.151360
22.317201 3.152962
22.221416 3.159361
22.135074 3.163013
22.039379 3.165083
21.952781 3.173513
21.847258 3.180532
21.741405 3.181314
21.654367 3.183403
21.529419 3.189411
21.404136 3.188705
21.278869 3.186560
21.124844 3.187237
20.989993 3.185682
20.845672 3.180952
20.692023 3.181705
20.557258 3.180151
20.432612 3.174486
20.336681 3.171721
20.221630 3.172188
20.125926 3.168764
20.059245 3.162966
19.992352 3.156919
19.925702 3.149767
19.878232 3.137951
19.821152 3.127060
19.754554 3.116131
19.707220 3.104610
19.650272 3.100386
19.574149 3.095264
19.517216 3.080320
19.450805 3.071861
19.384317 3.067932
19.317881 3.054199
19.251693 3.037539
19.175751 3.032141
19.099880 3.031139
19.033946 3.028440
18.967441 3.029099
18.900992 3.031588
18.825177 3.025675
18.758655 3.021736
18.691870 3.023443
18.615681 3.020878
18.529989 3.015795
18.453500 3.018446
18.377047 3.020887
18.310177 3.018999
18.233607 3.020067
18.157013 3.022356
18.070930 3.020172
17.994407 3.021355
17.908223 3.026037
17.831781 3.027220
17.745864 3.026466
17.659666 3.031349
17.573424 3.033419
17.487459 3.032351
17.401282 3.033638
17.295961 3.036327
17.209770 3.030128
17.104477 3.027773
16.979892 3.032904
16.864954 3.034115
16.749707 3.031588
16.634819 3.036175
16.500697 3.037157
16.385807 3.035097
16.261255 3.035402
16.146276 3.037472
16.040746 3.033800
15.935522 3.032122
15.820627 3.032560
15.715413 3.028116
15.610108 3.017960
15.504764 3.013496
15.380227 3.008270
15.274909 2.998886
15.150297 2.994728
15.016044 2.992582
14.872155 2.984152
14.728331 2.976351
14.574760 2.974195
14.420988 2.970800
14.277231 2.957115
14.123535 2.953300
13.969928 2.946625
13.835810 2.940025
13.710942 2.931824
13.576863 2.928753
13.461750 2.920723
13.356559 2.917776
13.251080 2.901430
13.155368 2.891417
13.078817 2.875090
12.982922 2.867756
12.896785 2.856874
12.820230 2.840147
12.743498 2.824402
12.647634 2.812529
12.551851 2.796707
12.456090 2.785339
12.350690 2.786150
12.245448 2.775478
12.149710 2.765722
12.044440 2.763700
11.948675 2.760210
11.853077 2.753410
11.776580 2.758570
11.681075 2.758017
11.604622 2.752361
11.509111 2.748041
11.442239 2.744684
11.365826 2.742777
11.279867 2.728252
11.203454 2.718878
11.117469 2.719793
11.021673 2.712774
10.945259 2.710190
10.839921 2.706099
10.763346 2.704401
10.677055 2.701750
10.581300 2.706194
10.495034 2.709780
10.408938 2.708693
10.332241 2.714071
10.245897 2.717285
10.178975 2.716103
10.131014 2.717447
10.073664 2.721395
10.035490 2.715998
10.006753 2.706890
9.977964 2.702923
9.949310 2.695484
9.920364 2.674255
9.891609 2.664299
9.843624 2.655611
9.805451 2.646122
9.776715 2.629509
9.728663 2.631855
9.680876 2.625113
9.651941 2.617855
9.585019 2.613888
9.527502 2.612305
9.479861 2.612925
9.432057 2.618380
9.374847 2.620573
9.346422 2.614031
9.317847 2.612677
9.270265 2.614183
9.251456 2.601528
9.242178 2.590866
9.213678 2.587261
9.194832 2.577305
9.157064 2.570047
9.128687 2.571459
9.100224 2.573147
9.052757 2.571030
9.024561 2.569647
8.976972 2.563238
8.939097 2.560577
8.891523 2.551994
8.843911 2.546186
8.777272 2.525148
8.739410 2.505646
8.672658 2.502213
8.615769 2.497759
8.549229 2.479410
8.482702 2.477160
8.425568 2.481804
8.358820 2.473116
8.301770 2.473316
8.244730 2.476711
8.197132 2.476559
8.140274 2.478199
8.083305 2.486420
8.035787 2.506800
7.969081 2.503500
7.921562 2.506618
7.874133 2.517862
7.826718 2.514725
7.779177 2.518196
7.722002 2.528725
7.674311 2.526703
7.626832 2.524157
7.578947 2.526875
7.540693 2.527084
7.473829 2.522449
7.435280 2.524300
7.387255 2.524233
7.329699 2.511883
7.291032 2.509356
7.223606 2.512169
7.175321 2.506552
7.108099 2.500935
7.050266 2.504549
6.992472 2.503395
6.934751 2.500124
6.886499 2.501554
6.819209 2.503033
6.761563 2.495146
6.713770 2.490997
6.646726 2.493134
6.579799 2.480640
6.541665 2.467861
6.484267 2.464695
6.436657 2.451582
6.379440 2.440348
6.341463 2.439280
6.274791 2.438231
6.237004 2.425947
6.199135 2.429428
6.161221 2.431812
6.123366 2.430048
6.076022 2.426863
6.038187 2.428579
6.000249 2.432671
5.962253 2.429104
5.924466 2.433062
5.886418 2.435980
5.857880 2.435274
5.829487 2.437277
5.781901 2.441063
5.734348 2.435188
5.696294 2.434845
5.648550 2.437754
5.591304 2.440310
5.562746 2.439079
5.524746 2.443733
5.458005 2.447596
5.429405 2.450294
5.391145 2.453127
5.343411 2.464228
5.295542 2.466154
5.267076 2.471218
5.238309 2.476234
5.190598 2.481022
5.152537 2.478485
5.133354 2.483988
5.085421 2.492638
5.047264 2.491140
5.018615 2.492170
4.989661 2.496634
4.960972 2.494745
4.913129 2.493067
4.874651 2.495689
4.836347 2.498074
4.798120 2.503939
4.759809 2.506723
4.702404 2.507095
4.654653 2.503443
4.625827 2.496567
4.559174 2.502489
4.520994 2.493343
4.492507 2.483988
4.454464 2.485991
4.416569 2.483358
4.378566 2.474318
4.350097 2.473192
4.321473 2.461109
4.293041 2.437811
4.274067 2.424307
4.235682 2.408047
4.207415 2.392826
4.178810 2.371120
4.140531 2.346735
4.112027 2.322054
4.064167 2.281246
4.016246 2.271280
3.977946 2.261419
3.949285 2.254391
3.920797 2.251272
3.882512 2.245054
3.853963 2.232609
3.825441 2.222614
3.796796 2.221336
3.758668 2.211285
3.730276 2.203875
3.711332 2.206383
3.682763 2.200193
3.654391 2.190380
3.625993 2.175417
3.607053 2.171230
3.578734 2.158041
3.560102 2.150059
3.521919 2.150898
3.483990 2.148027
3.455756 2.136154
3.417822 2.136211
3.379860 2.137337
3.332379 2.134018
3.303946 2.138062
3.256394 2.136478
3.218500 2.133102
3.189979 2.124920
3.152082 2.133512
3.123721 2.137585
3.095335 2.133541
3.057449 2.138815
3.028855 2.141314
3.009806 2.128611
2.990926 2.123680
2.952835 2.120190
2.933693 2.114553
2.904919 2.103958
2.876401 2.102489
2.866849 2.096491
2.838122 2.085323
2.799971 2.085123
2.780665 2.084856
2.742652 2.078295
2.723422 2.077694
2.694673 2.078857
2.675551 2.066622
2.656496 2.067966
2.627972 2.075176
2.589637 2.065201
2.580295 2.042961
2.551532 2.048235
2.532668 2.052670
2.504059 2.045126
2.485026 2.049370
2.466086 2.043552
2.446976 2.025623
2.428161 2.022467
2.399622 2.013073
2.370838 1.999445
2.351791 1.986389
2.332796 1.986227
2.304088 1.986713
2.285043 1.976433
2.265758 1.972198
2.227590 1.969681
2.208548 1.960649
2.198869 1.949530
2.189149 1.954842
2.170139 1.954985
2.160579 1.940546
2.160552 1.947708
2.151161 1.946592
2.151064 1.938219
2.170238 1.930895
2.151053 1.925468
2.151042 1.913004
2.151026 1.905556
2.141328 1.903324
2.122150 1.902714
2.112607 1.900415
2.093429 1.894455
2.093493 1.889076
2.074099 1.882067
2.055038 1.878881
2.035846 1.874962
2.016660 1.868296
2.006954 1.862335
1.997122 1.867075
1.977998 1.872950
1.968398 1.868067
1.949147 1.864414
1.910972 1.863089
1.891780 1.854830
1.872598 1.854696
1.853598 1.848650
1.834478 1.836634
1.815523 1.781435
1.796180 1.762819
1.786715 1.715908
1.767600 1.650724
1.757832 1.639681
1.728999 1.629238
1.710053 1.610813
1.700360 1.617956
1.671712 1.610594
1.652644 1.591606
1.614586 1.572475
1.595251 1.573267
1.566483 1.571074
1.556965 1.564541
1.528492 1.572113
1.499770 1.546974
1.490405 1.519527
1.461717 1.475801
1.442441 1.439390
1.433103 1.408052
1.423509 1.389227
1.432982 1.388474
1.413750 1.390858
1.414017 1.327305
1.404254 1.303062
1.385023 1.275082
1.375605 1.247702
1.385061 1.224222
1.365839 1.220436
1.366091 1.183710
1.356328 1.112070
1.337054 1.079731
1.337017 1.053209
1.327256 1.005707
1.317579 0.987644
1.298364 1.005850
1.298265 0.965385
1.288538 0.937176
1.269410 0.921326
1.250225 0.894852
1.231174 0.898552
1.211830 0.910950
1.202294 0.920401
1.173701 0.918255
1.164099 0.922041
1.154638 0.925426
1.145097 0.923319
1.145110 0.930214
1.126137 0.936794
1.126399 0.930805
1.135959 0.915165
1.145686 0.895414
1.155172 0.808697
1.155651 0.684805
1.155727 0.605364
1.155862 0.592356
1.155908 0.586376
1.146199 0.587111
1.136710 0.591040
1.117961 0.583410
1.108368 0.572758
1.108228 0.569773
1.089410 0.559340
1.089331 0.549726
1.079694 0.553608
1.079821 0.557041
1.060540 0.537539
1.070248 0.530996
1.060438 0.529146
1.060572 0.523052
1.060518 0.508890
1.070022 0.513239
1.060208 0.501480
1.060506 0.483303
1.060297 0.453920
1.060256 0.438509
1.050891 0.399084
1.060229 0.390806
1.050793 0.388460
1.041205 0.366182
1.022391 0.360909
1.012573 0.354404
1.012618 0.343637
0.984088 0.328665
0.983927 0.321369
0.964772 0.308237
0.955196 0.288115
0.945859 0.279636
0.926609 0.271006
0.897808 0.229416
0.907553 0.162888
0.888260 0.120792
0.878923 0.099401
0.869460 0.089178
0.860139 0.089064
0.841008 0.091562
0.831445 0.084810
0.812447 0.092220
0.802797 0.097313
0.793368 0.090847
0.774441 0.088730
0.764856 0.098562
0.745778 0.097113
0.736227 0.087662
0.726614 0.096579
0.707629 0.098019
0.698050 0.089531
0.688529 0.093927
0.678836 0.104561
0.669344 0.095949
0.669467 0.092831
0.659913 0.099611
0.650335 0.094366
0.640818 0.086336
0.631234 0.095778
0.621753 0.099382
0.602595 0.092344
0.593310 0.096598
0.564600 0.104132
0.545387 0.092907
0.526092 0.085573
0.497327 0.097570
0.487680 0.092163
0.459006 0.087309
0.449379 0.096312
0.420619 0.093632
0.411064 0.087223
0.401416 0.093575
0.382257 0.101690
0.363104 0.094013
0.363233 0.091057
0.344070 0.097666
0.343897 0.091801
0.324729 0.086384
0.324610 0.093584
0.314909 0.092154
0.305355 0.085526
0.314843 0.089445
0.276576 0.098581
0.267033 0.091619
0.257397 0.090122
0.247758 0.096302
0.238100 0.089827
0.228546 0.081339
0.209334 0.089474
0.199838 0.089312
0.199878 0.081244
0.180669 0.086718
0.161606 0.094490
0.161547 0.088358
0.152035 0.085726
0.151893 0.094643
0.142346 0.087881
0.142400 0.081644
0.152038 0.089750
0.142232 0.092440
0.142311 0.083218
0.142374 0.089273
0.142332 0.096598
0.151852 0.087490
0.151779 0.084305
0.142129 0.092096
0.142247 0.085716
0.132850 0.078535
0.132850 0.085077
0.104029 0.086441
0.113547 0.079966
0.104107 0.085506
0.094400 0.092344
0.104075 0.084801
0.094441 0.083637
0.113526 0.092707
0.122971 0.085516
0.123144 0.080204
0.132769 0.088034
0.142129 0.089121
0.152013 0.082626
0.161363 0.089903
0.170994 0.096455
0.161325 0.089455
0.180436 0.088272
0.180409 0.097322
0.170914 0.090208
0.180493 0.083227
0.170727 0.091219
0.161197 0.091667
0.170785 0.083380
0.161323 0.089998
0.161109 0.096664
0.151615 0.088968
0.151546 0.087414
0.141908 0.096149
0.132314 0.089817
0.132261 0.083570
0.000000 0.106354
0.000000 0.097589
0.000000 0.092630
0.000000 0.100527
0.000000 0.098028
0.000000 0.089474
0.009520 0.097933
0.000000 0.102520
0.018848 0.095215
0.037752 0.097160
0.037927 0.106163
0.047586 0.097437
0.057048 0.092545
0.066704 0.100336
0.076120 0.097570
0.076187 0.088940
0.085877 0.097656
0.085864 0.102215
0.085905 0.094948
0.105089 0.096941
0.095484 0.106277
0.105030 0.097618
0.124269 0.093031
0.114520 0.100737
0.124264 0.098276
0.124290 0.089836
0.124248 0.098667
0.114669 0.103064
0.114749 0.095654
0.105251 0.097818
0.114688 0.106478
0.105250 0.097780
0.105187 0.093079
0.095676 0.101061
0.086041 0.098238
0.086125 0.089703
0.076491 0.098486
0.076567 0.102921
0.066871 0.095711
0.066797 0.098009
0.057211 0.106926
0.057056 0.098143
0.047702 0.093555
0.056944 0.101566
0.038059 0.098619
0.057003 0.090199
0.047327 0.098839
0.047595 0.103207
0.056869 0.095882
0.056956 0.098190
0.057003 0.107126
0.056965 0.098391
0.066597 0.093784
0.066571 0.101719
0.076258 0.098619
0.076080 0.090170
0.076102 0.098867
0.076005 0.102968
0.076042 0.095644
0.085591 0.098028
0.076176 0.106878
0.076118 0.098591
0.076315 0.094137
0.066569 0.102358
0.076300 0.099201
0.056981 0.090704
0.057077 0.099516
0.047633 0.103703
0.047579 0.096254
0.037910 0.098791
0.037813 0.107555
0.018954 0.098829
0.028316 0.094280
0.018730 0.102301
0.028359 0.098953
0.028320 0.090418
0.028389 0.099077
0.009158 0.103321
0.018652 0.095901
0.018652 0.098476
0.018629 0.107403
0.018752 0.098639
0.018651 0.094309
0.009040 0.102253
0.008903 0.098991
0.000000 0.090408
0.000000 0.099268
0.000000 0.103436
0.000000 0.096054
0.000000 0.098791
0.000000 0.107527
0.000000 0.098886
0.000000 0.094509
0.000000 0.102520
0.000000 0.099125
0.000000 0.090761
0.000000 0.099430
0.000000 0.103569
0.000000 0.096149
0.000000 0.098982
0.000000 0.107651
0.000000 0.098877
0.000000 0.094633
0.000000 0.102596
0.000000 0.099125
0.000000 0.090733
0.000000 0.099354
0.000000 0.103178
0.000000 0.095882
0.000000 0.098829
0.000000 0.107365
0.000000 0.098677
0.000000 0.094471
0.000000 0.102530
0.000000 0.098925
0.000000 0.090666
0.000000 0.099316
0.000000 0.103245
0.000000 0.095959
0.000000 0.098763
0.000000 0.107298
0.000000 0.098410
0.000000 0.094194
0.000000 0.102196
0.000000 0.098276
0.000000 0.089827
0.000000 0.098553
0.000000 0.102377
0.000000 0.094929
0.000000 0.098181
0.000000 0.106850
0.000000 0.098381
0.000000 0.094204
0.000000 0.102243
0.000000 0.098429
0.000000 0.090141
0.000000 0.098734
0.000000 0.102663
0.000000 0.095177
0.000000 0.098276
0.000000 0.106764
0.000000 0.098114
0.000000 0.094118
0.000000 0.102482
0.000000 0.098562
0.000000 0.090227
0.000000 0.098906
0.000000 0.102425
0.000000 0.094833
0.000000 0.098257
0.000000 0.107021
0.000000 0.098791
0.000000 0.094938
0.000000 0.103121
0.000000 0.099258
0.000000 0.090866
0.000000 0.099792
0.000000 0.103321
0.000000 0.095949
0.008934 0.099249
0.008944 0.107679
0.008895 0.098953
0.008967 0.095110
0.018437 0.103226
0.008876 0.099192
0.018410 0.090799
0.018570 0.099564
0.018443 0.103168
0.018513 0.095797
0.028055 0.099249
0.008930 0.107746
0.000000 0.099049
0.000000 0.095186
0.000000 0.103378
0.000000 0.099335
0.000000 0.091047
0.000000 0.099669
0.000000 0.103207
0.000000 0.095711
0.000000 0.099134
0.000000 0.107641
0.000000 0.099058
0.000000 0.095282
0.000000 0.103512
0.000000 0.099249
0.000000 0.091152
0.000000 0.099878
0.000000 0.103321
0.000000 0.095711
0.000000 0.099354
0.000000 0.107794
0.000000 0.099134
0.000000 0.095224
0.000000 0.103636
0.000000 0.099373
0.000000 0.091181
0.008745 0.099773
0.000000 0.103178
0.000000 0.095501
0.008799 0.099335
0.000000 0.107727
0.008719 0.099220
0.018513 0.095530
0.018266 0.103846
0.008426 0.099421
0.018112 0.090771
0.008478 0.099440
0.000000 0.102758
0.008509 0.095177
0.008632 0.099020
0.000000 0.107470
0.000000 0.098991
0.000000 0.095358
0.008536 0.103779
0.000000 0.099220
0.017974 0.091114
0.027667 0.099726
0.027480 0.102844
0.037236 0.094814
0.036968 0.098934
0.046617 0.107508
0.046606 0.099039
0.065705 0.095596
0.056223 0.103636
0.046698 0.098562
0.084730 0.091400
0.094282 0.100288
0.132722 0.103550
0.142223 0.096083
0.161425 0.101366
0.180406 0.110254
0.189969 0.101309
0.218604 0.098104
0.228065 0.106268
0.228200 0.101156
0.256828 0.091591
0.266327 0.099649
0.285538 0.103207
0.295084 0.098181
0.314216 0.102339
0.323617 0.110836
0.342806 0.100727
0.362011 0.098772
0.381013 0.107975
0.400352 0.102272
0.409791 0.093498
0.419475 0.101547
0.438476 0.102644
0.457744 0.093155
0.486497 0.097466
0.505632 0.106163
0.515153 0.097570
0.543956 0.093765
0.563080 0.104189
0.582024 0.097933
0.601196 0.090828
0.620419 0.100231
0.639572 0.103016
0.649337 0.093365
0.677894 0.095873
0.687434 0.102777
0.697065 0.095596
0.716075 0.093298
0.725717 0.103922
0.725626 0.099688
0.744822 0.091524
0.744664 0.099745
0.754389 0.103178
0.754183 0.097361
0.773295 0.102606
0.773096 0.110359
0.782646 0.101156
0.801827 0.094090
0.811267 0.101871
0.811394 0.100632
0.840168 0.092964
0.849458 0.100040
0.859192 0.104065
0.897465 0.095644
0.907091 0.097790
0.935876 0.109663
0.945465 0.106602
0.974043 0.105705
0.983663 0.107946
0.993183 0.109625
1.021817 0.092278
1.050659 0.103579
1.069697 0.105047
1.079499 0.101099
1.127212 0.108013
1.136754 0.115337
1.165399 0.106163
1.194050 0.104790
1.213217 0.112934
1.232196 0.106153
1.260893 0.099325
1.279958 0.107498
1.308606 0.109472
1.337155 0.102348
1.365775 0.111237
1.394376 0.123186
1.413293 0.116539
1.451567 0.114555
1.470603 0.119219
1.489671 0.115976
1.499222 0.117283
1.527616 0.143385
1.536944 0.183249
1.565747 0.196838
1.603561 0.267620
1.622745 0.297947
1.660706 0.314369
1.708317 0.327177
1.736641 0.356159
1.764983 0.379753
1.822282 0.374651
1.860074 0.399895
1.898188 0.431700
1.964921 0.438843
2.012406 0.457802
2.050448 0.477524
2.107679 0.477991
2.164891 0.477591
2.222006 0.486069
2.269558 0.491762
2.317360 0.489283
2.365149 0.518532
2.412872 0.546942
2.450984 0.544491
2.489192 0.560646
2.527254 0.580235
2.556044 0.592308
2.584726 0.629015
2.622990 0.651627
2.641838 0.709600
2.680232 0.769625
2.708823 0.897741
2.747107 0.952692
2.785513 1.008959
2.823784 1.059713
2.871733 1.114988
2.919734 1.136885
2.986766 1.155405
3.044388 1.174240
3.111244 1.182375
3.178370 1.188602
3.254990 1.214533
3.322120 1.217937
3.389326 1.224451
3.446511 1.232071
3.513522 1.243677
3.570966 1.261530
3.628389 1.267557
3.685902 1.285019
3.733725 1.301250
3.800742 1.330023
3.867886 1.375952
3.934754 1.413450
4.001805 1.440363
4.078014 1.465454
4.154531 1.480312
4.221461 1.490927
4.307476 1.507311
4.374420 1.549616
4.450869 1.577082
4.517697 1.579657
4.594107 1.613779
4.660884 1.617718
4.737424 1.627855
4.813935 1.672497
4.880805 1.702900
4.966755 1.723843
5.052820 1.739120
5.148343 1.743279
5.234322 1.737766
5.330165 1.737919
5.435200 1.750574
5.521196 1.760683
5.616840 1.761732
5.712481 1.774025
5.807908 1.782990
5.893835 1.778984
5.989163 1.778307
6.065494 1.790228
6.141707 1.802607
6.227681 1.808147
6.284827 1.820374
6.361170 1.835232
6.437400 1.839790
6.504066 1.844482
6.580297 1.851587
6.647423 1.849737
6.733191 1.852913
6.819127 1.873980
6.895807 1.875763
6.982151 1.885433
7.077792 1.897745
7.182932 1.904926
7.298008 1.911278
7.412689 1.926565
7.518051 1.935225
7.633078 1.938095
7.757557 1.945972
7.862961 1.959562
7.977776 1.973200
8.082914 1.977892
8.207198 1.987677
8.302733 1.998148
8.417285 2.003450
8.522450 2.029305
8.627516 2.052250
8.742402 2.062798
8.857197 2.090874
8.952660 2.142534
9.086515 2.145929
9.210998 2.159595
9.344730 2.159061
9.488276 2.159605
9.631647 2.172947
9.774947 2.181988
9.927332 2.187519
10.070394 2.189856
10.213528 2.188301
10.346710 2.201681
10.470423 2.201080
10.613322 2.200804
10.746753 2.209692
10.889581 2.217674
11.032635 2.219696
11.185065 2.228785
11.347209 2.257462
11.509606 2.268772
11.700661 2.278318
11.872920 2.281742
12.045197 2.287264
12.236885 2.283983
12.428286 2.289829
12.610355 2.294607
12.792598 2.287636
12.955744 2.290306
13.128072 2.290592
13.281547 2.288370
13.425461 2.289753
13.569308 2.294960
13.684244 2.292099
13.818464 2.289257
13.933417 2.293901
14.038766 2.291508
14.163669 2.286501
14.297812 2.286253
14.441233 2.282505
14.594596 2.259083
14.757652 2.245798
14.939447 2.246161
15.111898 2.239323
15.322493 2.227736
15.542674 2.206020
15.753373 2.171707
15.992810 2.160511
16.213396 2.165489
16.443345 2.170973
16.673604 2.163315
16.903654 2.164745
17.143355 2.171354
17.373802 2.166700
17.632831 2.167120
17.882502 2.174797
18.141627 2.179508
18.420018 2.185030
18.698393 2.250252
18.986219 2.257814
19.264534 2.265310
19.552479 2.274094
19.821289 2.276926
20.090073 2.275229
20.348953 2.275133
20.588543 2.278633
20.799785 2.284250
20.991549 2.293692
21.192883 2.298832
21.346188 2.306051
21.499657 2.300148
21.652873 2.298861
21.767721 2.307749
21.892284 2.307835
22.007072 2.309933
22.112578 2.310266
22.217782 2.331781
22.333087 2.334995
22.466912 2.360039
22.591654 2.369108
22.744977 2.383947
22.888867 2.385921
23.042280 2.403669
23.185682 2.413883
23.339117 2.413588
23.472842 2.421818
23.596921 2.437410
23.711533 2.431269
23.835616 2.434826
23.949830 2.451048
24.073992 2.453413
24.207318 2.454014
24.340801 2.468491
24.474427 2.476788
24.636698 2.480469
24.799045 2.503223
24.990119 2.518606
25.171808 2.525768
25.372593 2.536469
25.563389 2.551155
25.745037 2.550840
25.936076 2.599039
26.088277 2.621326
26.250279 2.630949
26.412227 2.633295
26.564172 2.652483
26.687549 2.659025
26.830205 2.661886
26.963025 2.677689
27.086335 2.686205
27.219559 2.697268
27.352842 2.711210
27.495738 2.721395
27.648588 2.728529
27.811006 2.729082
27.992620 2.734566
28.183825 2.737799
28.356013 2.746582
28.547189 2.746897
28.719218 2.752504
28.910292 2.753458
29.082141 2.753859
29.234779 2.764053
29.397251 2.764301
29.540522 2.768965
29.683864 2.768774
29.817773 2.778769
29.990401 2.779474
30.162858 2.789240
30.325909 2.796450
30.517706 2.799225
30.700030 2.798214
30.891723 2.800980
31.073787 2.800474
31.236764 2.799549
31.379947 2.803116
31.504134 2.803850
31.618755 2.801876
31.704543 2.808495
31.761321 2.818699
31.808899 2.819710
31.846740 2.824287
31.865671 2.831030
31.893852 2.828407
31.893573 2.824812
31.902622 2.831135
31.911757 2.836380
31.911413 2.828846
31.920365 2.832527
31.929104 2.836676
31.957262 2.831049
31.985096 2.834044
32.003621 2.837524
32.012668 2.837801
32.031434 2.832394
32.031095 2.835999
32.011654 2.839346
32.002017 2.838306
31.992485 2.843485
31.973588 2.848625
31.954968 2.850199
31.945787 2.856407
31.946142 2.858095
31.946591 2.854319
31.975642 2.850885
32.004760 2.857990
32.052575 2.860508
32.081419 2.859850
32.129286 2.864485
32.186358 2.869549
32.224685 2.871418
32.282042 2.875700
32.339146 2.879934
32.406070 2.880116
32.472651 2.882795
32.539434 2.886353
32.615341 2.890959
32.672511 2.890854
32.738734 2.894621
32.814540 2.900429
32.890419 2.897940
32.976022 2.900476
33.071002 2.903566
33.156732 2.900639
33.261581 2.895508
33.356655 2.900810
33.461560 2.900171
33.556957 2.896986
33.652373 2.903452
33.728651 2.911730
33.805272 2.915392
33.881711 2.917814
33.939222 2.923679
34.016135 2.922630
34.073957 2.920980
34.141138 2.922554
34.218253 2.922478
34.276447 2.918901
34.334377 2.924900
34.392338 2.926960
34.459783 2.927418
34.527250 2.931147
34.594769 2.936649
34.652527 2.934923
34.700517 2.935810
34.748516 2.944756
34.777825 2.944412
34.806918 2.940826
34.845625 2.949152
34.865134 2.939672
34.914009 2.938585
34.971992 2.939091
35.039561 2.943382
35.126574 2.935553
35.222908 2.936440
35.328586 2.938051
35.443836 2.940845
35.577870 2.939882
35.702334 2.947731
35.826220 2.953014
35.921935 2.953157
36.046019 2.958527
36.141212 2.962446
36.226882 2.977371
36.331545 2.984724
36.407625 2.992039
36.483468 2.996044
36.559215 2.992582
36.653919 2.991476
36.729508 2.994652
36.814893 2.997017
36.900070 2.990074
36.985573 2.984571
37.061271 2.982321
37.137502 2.984781
37.213517 2.987719
37.280535 2.992601
37.337918 2.988844
37.376390 2.995281
37.405029 3.006945
37.433810 3.015976
37.453188 3.013248
37.472087 3.022976
37.509905 3.026562
37.528963 3.028574
37.566761 3.033123
37.595019 3.039970
37.642499 3.043737
37.680264 3.051653
37.718020 3.056307
37.765322 3.054428
37.831711 3.054352
37.888804 3.061142
37.964764 3.059492
38.041012 3.061218
38.116890 3.064098
38.173370 3.062134
38.230086 3.068171
38.267325 3.073740
38.314304 3.078766
38.332161 3.080873
38.340511 3.088837
38.348793 3.094893
38.338512 3.091660
38.337662 3.094053
38.346235 3.099079
38.336015 3.100605
38.335712 3.100586
38.345034 3.106956
38.335200 3.111353
38.325811 3.114119
38.325768 3.117208
38.325735 3.121500
38.335505 3.118773
38.326186 3.113031
38.335846 3.116646
38.345609 3.111744
38.346185 3.105860
38.356265 3.107624
38.366182 3.109894
38.386226 3.108759
38.434488 3.112965
38.473189 3.124504
38.540762 3.132830
38.608220 3.137836
38.694274 3.148603
38.780097 3.156490
38.884726 3.152065
38.979197 3.159161
39.063981 3.174744
39.148666 3.178434
39.213657 3.182745
39.250227 3.184528
39.258596 3.174067
39.257296 3.166227
39.237341 3.172274
39.208058 3.173265
39.179614 3.172617
39.170199 3.182077
39.170527 3.188505
39.190496 3.188925
39.238934 3.190260
39.296856 3.190298
39.354645 3.187208
39.412510 3.185720
39.460401 3.190460
39.517826 3.189640
39.537017 3.182278
39.546461 3.181496
39.546196 3.187017
39.536978 3.189135
39.498869 3.195114
39.479854 3.200836
39.451773 3.215609
39.432963 3.217669
39.404509 3.226891
39.385651 3.233566
39.375924 3.234100
39.384908 3.238363
39.374804 3.244181
39.373913 3.244715
39.382398 3.247318
39.381357 3.249702
39.380356 3.245716
39.379317 3.243456
39.358906 3.246813
39.339011 3.241768
39.300307 3.235788
39.280507 3.238935
39.241649 3.245773
39.212685 3.245287
39.183393 3.243484
39.173451 3.242455
39.173306 3.229580
39.191997 3.218870
39.210910 3.206902
39.220509 3.192501
39.277894 3.179111
39.326100 3.182592
39.364990 3.181877
39.394508 3.184490
39.424376 3.194942
39.444686 3.201733
39.474846 3.207464
39.495346 3.209076
39.515368 3.217239
39.525933 3.225222
39.498013 3.226824
39.488766 3.229246
39.441051 3.235283
39.412142 3.236704
39.344656 3.237448
39.315227 3.244524
39.257240 3.242521
39.227936 3.245726
39.207943 3.258419
39.197653 3.263292
39.187457 3.272247
39.205890 3.276262
39.224288 3.279867
39.271326 3.278141
39.327683 3.275518
39.384002 3.277311
39.440155 3.275671
39.496446 3.276424
39.552438 3.277435
39.599271 3.272285
39.665353 3.266430
39.721984 3.267193
39.759772 3.272867
39.798039 3.275633
39.836540 3.281422
39.884938 3.296833
39.943201 3.296213
40.001441 3.294735
40.078652 3.299522
40.146203 3.302279
40.213863 3.301487
40.309475 3.307896
40.395520 3.313560
40.491149 3.324270
40.605153 3.327351
40.700244 3.334169
40.804982 3.335590
40.909802 3.334513
41.033734 3.339548
41.158003 3.340864
41.282453 3.337841
41.416133 3.336906
41.550129 3.333874
41.693804 3.331337
41.837296 3.327417
41.970964 3.328991
42.085473 3.321686
42.199765 3.316441
42.304290 3.315287
42.370496 3.314342
42.417623 3.314848
42.445582 3.321390
42.435393 3.327284
42.444588 3.323851
42.434846 3.329649
42.406221 3.341455
42.368263 3.338900
42.330008 3.344765
42.282256 3.349905
42.215141 3.349619
42.167422 3.349152
42.090388 3.355246
41.994351 3.355970
41.898178 3.356562
41.801990 3.356609
41.686618 3.358326
41.590654 3.355627
41.494601 3.355207
41.388821 3.356581
41.274118 3.363409
41.187959 3.359852
41.082527 3.363352
40.967446 3.363810
40.843143 3.366375
40.747094 3.373346
40.622401 3.383369
40.497777 3.385830
40.392065 3.397818
40.295419 3.408117
40.227838 3.411427
40.140921 3.407803
40.063281 3.413544
39.976200 3.418837
39.898962 3.417788
39.840223 3.418722
39.734063 3.422298
39.647361 3.420372
39.560822 3.418961
39.473911 3.422394
39.377841 3.423300
39.301037 3.421946
39.214742 3.428392
39.147326 3.429375
39.080189 3.427029
39.022161 3.429184
38.954781 3.432426
38.897208 3.429432
38.858641 3.429136
38.801376 3.431063
38.744093 3.430433
38.706215 3.429632
38.659111 3.432369
38.621418 3.435030
38.564997 3.431826
38.517724 3.431864
38.460891 3.433561
38.385062 3.428793
38.338012 3.424006
38.280949 3.423119
38.214368 3.421726
38.167077 3.418331
38.119072 3.422832
38.080774 3.425589
38.023269 3.424253
37.965536 3.425608
37.898034 3.429918
37.830256 3.432302
37.743320 3.434858
37.636832 3.440161
37.530672 3.440380
37.404854 3.438663
37.260216 3.441000
37.106034 3.440580
36.952030 3.436079
36.788607 3.430090
36.625571 3.426876
36.481983 3.417645
36.357644 3.411369
36.242908 3.402529
36.118963 3.389511
36.033393 3.377705
35.947657 3.370590
35.852635 3.360748
35.757430 3.344288
35.672000 3.323174
35.567219 3.314762
35.443663 3.301573
35.319887 3.293762
35.157878 3.287754
34.996065 3.275280
34.805876 3.264570
34.606138 3.253345
34.387221 3.251858
34.149715 3.247280
33.921333 3.248863
33.683576 3.251362
33.445856 3.249989
33.188777 3.252239
32.941070 3.261251
32.683450 3.265676
32.425857 3.264856
32.167845 3.272171
31.900210 3.278284
31.651586 3.277349
31.392955 3.275681
31.134323 3.275452
30.875520 3.268757
30.635988 3.265114
30.377005 3.263006
30.127624 3.256493
29.887944 3.244810
29.657537 3.241997
29.417589 3.239918
29.177997 3.235893
28.967114 3.230171
28.718226 3.239832
28.478873 3.241110
28.258848 3.244839
28.057770 3.249912
27.828096 3.250818
27.636832 3.251944
27.445607 3.258095
27.244550 3.259344
27.063010 3.255024
26.871806 3.248577
26.689954 3.248024
26.489341 3.236570
26.288567 3.215857
26.078493 3.206978
25.839780 3.189878
25.620338 3.181057
25.381797 3.174992
25.152919 3.169441
24.924193 3.156214
24.724125 3.154793
24.514399 3.150253
24.342957 3.147612
24.171515 3.143082
24.009508 3.137417
23.875891 3.133688
23.723675 3.134556
23.599518 3.129358
23.475286 3.129892
23.332073 3.117447
23.217228 3.110094
23.083394 3.099174
22.939908 3.094234
22.786821 3.089476
22.633840 3.082733
22.461791 3.083229
22.299514 3.077755
22.108546 3.081703
21.927440 3.084879
21.746531 3.082142
21.555867 3.077831
21.374965 3.078690
21.193975 3.066425
21.013173 3.064127
20.832195 3.058462
20.641848 3.045902
20.470570 3.037367
20.289522 3.043346
20.089296 3.042307
19.889187 3.047018
19.707905 3.047037
19.497961 3.054743
19.297295 3.050661
19.115830 3.049726
18.934136 3.049173
18.742949 3.054085
18.561360 3.047781
18.398559 3.050594
18.235879 3.039217
18.073240 3.027954
17.919967 3.018703
17.766633 3.018160
17.603930 3.005219
17.441072 2.995062
17.288058 2.998924
17.125217 2.996340
16.953074 2.990084
16.790339 2.985106
16.608429 2.981882
16.455390 2.983398
16.292724 2.985725
16.111061 2.988348
15.958071 2.982922
15.785977 2.978458
15.623322 2.970877
15.460972 2.961321
15.279534 2.954178
15.098079 2.951088
14.916523 2.941875
14.735341 2.941027
14.573046 2.938128
14.363116 2.930622
14.172211 2.933998
13.972079 2.919817
13.762042 2.923079
13.561564 2.911434
13.361068 2.894764
13.160411 2.892151
12.959700 2.883873
12.778018 2.887325
12.605882 2.870607
12.433872 2.871456
12.261904 2.863569
12.128040 2.842741
11.974962 2.833242
11.831744 2.827730
11.717218 2.812881
11.593103 2.804670
11.468855 2.787971
11.344896 2.793121
11.230371 2.778072
11.106504 2.765121
10.982577 2.748003
10.858764 2.726135
10.725188 2.716961
10.591722 2.705870
10.468174 2.696400
10.334547 2.680283
10.210665 2.676649
10.077314 2.655888
9.963138 2.649422
9.839217 2.652340
9.724934 2.645206
9.639384 2.635126
9.534545 2.624645
9.420323 2.621841
9.325249 2.616024
9.210822 2.613115
9.105791 2.613297
9.001151 2.610559
8.905812 2.607889
8.800822 2.614012
8.686286 2.622204
8.590635 2.622690
8.485191 2.620602
8.379972 2.609482
8.284257 2.602787
8.178796 2.598333
8.063810 2.607193
7.958337 2.598009
7.853113 2.599030
7.738072 2.587233
7.632488 2.567606
7.546406 2.554007
7.441062 2.549496
7.355174 2.525158
7.259776 2.496634
7.173728 2.470589
7.097466 2.446394
7.021354 2.424984
6.945270 2.427969
6.868915 2.416315
6.802313 2.399931
6.736033 2.383242
6.679042 2.373438
6.603080 2.355776
6.536621 2.328482
6.469956 2.303095
6.403600 2.271709
6.337350 2.261610
6.251511 2.245235
6.175680 2.238131
6.099563 2.234144
6.033044 2.227659
5.966446 2.222996
5.890415 2.215195
5.833248 2.201223
5.756920 2.206039
5.690092 2.191553
5.613915 2.188826
5.546964 2.180948
5.470466 2.171669
5.384271 2.138290
5.317444 2.129555
5.240681 2.128868
5.164147 2.112436
5.097099 2.102461
5.020494 2.100058
4.963027 2.094746
4.905798 2.087460
4.838742 2.077036
4.781406 2.071495
4.733563 2.062769
4.676219 2.058535
4.628341 2.062998
4.599761 2.053795
4.542451 2.054424
4.504313 2.059908
4.475655 2.061806
4.437432 2.064867
4.428004 2.070351
4.399646 2.074270
4.371139 2.070093
4.352250 2.069530
4.304799 2.072611
4.266870 2.064514
4.247935 2.054453
4.219273 2.056608
4.162015 2.044258
4.124078 2.036724
4.076366 2.043219
4.028663 2.053318
3.981127 2.046881
3.923873 2.042942
3.876031 2.045002
3.828465 2.041264
3.780933 2.031374
3.723529 2.044411
3.685374 2.052021
3.637758 2.051315
3.609200 2.059221
3.580410 2.063780
3.542328 2.061481
3.523229 2.060661
3.504329 2.066221
3.475797 2.061014
3.446919 2.057238
3.418273 2.042150
3.389340 2.043009
3.360804 2.027588
3.322630 2.027235
3.274764 2.029190
3.245924 2.024603
3.198128 2.018175
3.159944 2.023163
3.112124 2.011423
3.064465 1.997252
3.016623 1.994448
2.978528 1.989403
2.930931 1.982031
2.883295 1.974325
2.835838 1.969328
2.788312 1.944323
2.740837 1.941071
2.693435 1.939697
2.655441 1.931906
2.617747 1.915646
2.579955 1.915035
2.542108 1.909046
2.504476 1.890249
2.476213 1.887016
2.457547 1.889219
2.419810 1.878967
2.391437 1.866398
2.362819 1.866589
2.334559 1.863976
2.315817 1.855946
2.287077 1.865206
2.277811 1.871624
2.230331 1.858206
2.221130 1.855736
2.192349 1.860390
2.183028 1.860523
2.173855 1.854544
2.145060 1.868820
2.116443 1.872864
2.107220 1.868467
2.087909 1.872787
2.068827 1.871443
2.059487 1.862736
2.049967 1.852655
2.040115 1.848621
2.020972 1.828003
2.011404 1.805029
2.001733 1.792421
1.982500 1.772995
1.963540 1.752253
1.934646 1.748600
1.915363 1.742134
1.886740 1.716928
1.848325 1.727810
1.829272 1.725483
1.800406 1.723232
1.781436 1.728363
1.743196 1.729898
1.723968 1.714106
1.705104 1.695662
1.704856 1.628084
1.695375 1.616220
1.685934 1.608887
1.666963 1.600475
1.647922 1.602621
1.628808 1.604671
1.619329 1.587629
1.600241 1.585770
1.561990 1.544466
1.543173 1.530323
1.514518 1.552477
1.485771 1.552029
1.447791 1.522350
1.428458 1.511173
1.399913 1.513128
1.381049 1.507702
1.381211 1.502905
1.333444 1.505508
1.314458 1.504297
1.285896 1.489038
1.257528 1.480083
1.229007 1.463385
1.200404 1.430502
1.200467 1.395845
1.152758 1.366749
1.133800 1.328707
1.114913 1.267672
1.095631 1.203184
1.076646 1.118002
1.048073 1.048155
1.028963 0.996857
1.019398 0.960693
0.990889 0.919867
0.971751 0.877161
0.943128 0.783739
0.933763 0.656710
0.914633 0.599937
0.886220 0.594635
0.867143 0.591688
0.828913 0.546846
0.819307 0.529718
0.790542 0.460844
0.771703 0.440960
0.762151 0.388050
0.733567 0.358849
0.714422 0.322151
0.685854 0.297356
0.657321 0.291271
0.638079 0.273256
0.609549 0.176020
0.590327 0.114489
0.561609 0.110140
0.542603 0.100489
0.533159 0.105162
0.523659 0.111456
0.504465 0.103731
0.494948 0.101337
0.475935 0.109072
0.447259 0.099840
0.437603 0.092583
0.418499 0.097952
0.399382 0.098429
0.380378 0.089407
0.361005 0.093966
0.342023 0.097761
0.332385 0.089264
0.313104 0.084314
0.284629 0.093346
0.255995 0.087233
0.236851 0.080633
0.208092 0.086727
0.198591 0.086784
0.170086 0.079327
0.141259 0.084982
0.131556 0.092821
0.102916 0.085554
0.103087 0.083790
0.083886 0.090094
0.074345 0.083265
0.074505 0.076084
0.055313 0.084753
0.045725 0.086660
0.036118 0.079260
0.036276 0.085020
0.017309 0.092402
0.017288 0.085087
0.017167 0.082331
0.026825 0.092058
0.017259 0.086050
0.017332 0.076990
0.007727 0.084639
0.000000 0.087061
0.007770 0.078869
0.000000 0.082922
0.000000 0.087862
0.000000 0.077839
0.000000 0.076323
0.000000 0.083103
0.000000 0.078297
0.000000 0.069571
0.000000 0.077286
0.000000 0.082664
0.000000 0.076151
0.000000 0.080357
0.000000 0.083675
0.000000 0.075979
0.000000 0.074234
0.000000 0.086069
0.007653 0.080767
0.007672 0.073309
0.007598 0.080538
0.000000 0.082216
0.007646 0.075312
0.017154 0.083847
0.007693 0.090933
0.017117 0.082016
0.036142 0.081177
0.017128 0.090580
0.017182 0.084696
0.017284 0.078707
0.017337 0.085497
0.026591 0.085363
0.017194 0.077543
0.026746 0.082111
0.036500 0.088863
0.036329 0.083475
0.045850 0.083666
0.045758 0.092554
0.055198 0.083237
0.055359 0.078087
0.065071 0.085249
0.064918 0.086536
0.065012 0.078268
0.074550 0.085478
0.064932 0.091648
0.055498 0.085411
0.065067 0.083294
0.055546 0.092144
0.046027 0.085468
0.045967 0.078144
0.046020 0.087099
0.045940 0.088215
0.046020 0.080404
0.036555 0.087557
0.036367 0.099964
0.026745 0.091839
0.026576 0.088930
0.026569 0.099030
0.036014 0.092812
0.036100 0.085926
0.045743 0.095663
0.045750 0.095673
0.045679 0.086241
0.036142 0.094700
0.045614 0.101337
0.036340 0.087719
0.055418 0.084200
0.045850 0.093136
0.046160 0.085993
0.055532 0.078506
0.046272 0.086164
0.046044 0.087776
0.046109 0.082912
0.036588 0.087519
0.046160 0.095901
0.046220 0.086441
0.055794 0.087175
0.036636 0.095119
0.046199 0.086842
0.046205 0.078135
0.046162 0.086355
0.036403 0.084963
0.046088 0.076609
0.046077 0.086260
0.045896 0.092192
0.055254 0.084581
0.064756 0.083456
0.055213 0.093384
0.055321 0.086937
0.045701 0.080538
0.055235 0.089064
0.035885 0.090551
0.045416 0.083008
0.045332 0.090609
0.035795 0.098886
0.045395 0.092373
0.045510 0.091143
0.045540 0.100193
0.035817 0.090551
0.035956 0.082197
0.035896 0.089703
0.026348 0.092688
0.035822 0.083199
0.036059 0.090971
0.026405 0.099220
0.026478 0.093498
0.007193 0.091858
0.007341 0.101385
0.000000 0.094557
0.007555 0.086994
0.007474 0.094843
0.000000 0.094948
0.000000 0.086899
0.000000 0.094461
0.000000 0.101690
0.007689 0.094309
0.000000 0.093269
0.000000 0.102396
0.000000 0.094185
0.000000 0.098925
0.000000 0.108042
0.000000 0.101433
0.000000 0.093775
0.000000 0.102310
0.000000 0.104027
0.000000 0.095615
0.000000 0.101776
0.000000 0.109739
0.000000 0.101538
0.000000 0.099440
0.000000 0.108423
0.000000 0.101566
0.000000 0.093880
0.000000 0.102224
0.000000 0.103645
0.000000 0.095129
0.000000 0.101461
0.000000 0.108700
0.000000 0.100355
0.000000 0.098362
0.000000 0.107508
0.000000 0.100689
0.000000 0.093174
0.009074 0.101538
0.008968 0.103045
0.009079 0.094662
0.028109 0.101175
0.018417 0.108767
0.027972 0.100470
0.037447 0.098467
0.027808 0.107737
0.037442 0.100718
0.027813 0.093327
0.027904 0.101852
0.027866 0.103359
0.027802 0.095043
0.037442 0.101633
0.027925 0.109072
0.027738 0.100851
0.037544 0.099106
0.037527 0.108500
0.028018 0.101318
0.018562 0.094004
0.018514 0.102348
0.018473 0.103788
0.008871 0.095348
0.018423 0.102015
0.008797 0.109472
0.000000 0.101357
0.000000 0.099411
0.000000 0.108652
0.000000 0.101557
0.000000 0.094185
0.000000 0.102472
0.000000 0.103731
0.000000 0.095205
0.000000 0.101881
0.000000 0.109148
0.000000 0.101004
0.000000 0.099239
0.000000 0.108528
0.000000 0.101261
0.000000 0.094128
0.000000 0.102158
0.000000 0.103378
0.000000 0.095129
0.000000 0.101748
0.000000 0.109053
0.000000 0.101156
0.000000 0.099545
0.000000 0.108919
0.000000 0.101652
0.008829 0.094414
0.000000 0.102587
0.000000 0.103703
0.000000 0.095282
0.000000 0.102177
0.000000 0.109444
0.000000 0.101500
0.000000 0.099936
0.000000 0.109186
0.000000 0.101919
0.017973 0.094748
0.017674 0.102968
0.027357 0.103998
0.036972 0.095472
0.036961 0.102358
0.036836 0.109520
0.027301 0.101595
0.027314 0.099974
0.027286 0.109329
0.027457 0.101833
0.027446 0.094509
0.027392 0.102777
0.027383 0.103836
0.036885 0.095282
0.027290 0.102453
0.017689 0.109663
0.017646 0.101595
0.017796 0.100183
0.017710 0.109625
0.008202 0.102062
0.008216 0.094833
0.017725 0.103149
0.008183 0.103998
0.008146 0.095482
0.008226 0.102863
0.008065 0.110054
0.017660 0.102015
0.017549 0.100737
0.007910 0.110588
0.017649 0.102787
0.017595 0.095491
0.017763 0.103712
0.017673 0.104427
0.017815 0.095587
0.017698 0.103045
0.017602 0.110197
0.017686 0.102100
0.027262 0.100832
0.017825 0.110426
0.027314 0.102606
0.027198 0.095415
0.017494 0.103626
0.027021 0.104380
0.027030 0.095701
0.036568 0.103226
0.036459 0.110302
0.046108 0.102329
0.065175 0.101089
0.055617 0.110817
0.045969 0.102797
0.045974 0.095787
0.045824 0.104008
0.036418 0.104580
0.026787 0.095930
0.026864 0.103426
0.017167 0.110207
0.017204 0.102167
0.000000 0.100861
0.017188 0.110464
0.007674 0.102634
0.007700 0.095692
0.007695 0.103893
0.007728 0.104465
0.000000 0.095682
0.000000 0.103331
0.000000 0.110273
0.000000 0.102329
0.000000 0.101261
0.000000 0.110893
0.000000 0.102997
0.000000 0.095863
0.000000 0.104017
0.000000 0.104418
0.000000 0.095663
0.000000 0.103369
0.000000 0.110264
0.000000 0.102377
0.000000 0.101404
0.000000 0.110922
0.000000 0.102901
0.000000 0.095863
0.000000 0.104017
0.017323 0.104370
0.017353 0.095568
0.027012 0.103197
0.027113 0.109873
0.027066 0.102177
0.036545 0.101299
0.046042 0.110884
0.046052 0.102806
0.046202 0.096006
0.036766 0.104237
0.027131 0.104589
0.017679 0.095692
0.027268 0.103598
0.017736 0.110292
0.027407 0.102673
0.027200 0.101786
0.017502 0.111351
0.017598 0.103388
0.007971 0.096540
0.017655 0.104465
0.008042 0.104876
0.036440 0.096216
0.036606 0.104113
0.045960 0.110512
0.036284 0.102749
0.045849 0.101433
0.045698 0.110922
0.045463 0.102730
0.045484 0.095901
0.045447 0.104179
0.054852 0.104351
0.054918 0.095358
0.045206 0.102997
0.045279 0.109987
0.045183 0.102110
0.054877 0.101318
0.035638 0.110836
0.035713 0.102816
0.035729 0.096054
0.035697 0.104036
0.035687 0.104151
0.026215 0.095415
0.026380 0.103426
0.016854 0.110140
0.026443 0.102339
0.026492 0.101948
0.026433 0.111914
0.026480 0.103493
0.035979 0.096893
0.035959 0.104952
0.035950 0.104761
0.055278 0.095882
0.064830 0.103884
0.055180 0.110483
0.055203 0.102482
0.045818 0.102110
0.045966 0.111589
0.045930 0.103025
0.055656 0.096169
0.036409 0.104208
0.046010 0.104370
0.046062 0.095434
0.046089 0.103397
0.046100 0.109806
0.046089 0.102234
0.065238 0.101891
0.055545 0.111666
0.055774 0.103273
0.074949 0.096674
0.065482 0.104771
0.074839 0.104504
0.065466 0.095816
0.065450 0.104103
0.065263 0.110588
0.065156 0.102806
0.084123 0.103073
0.055503 0.112858
0.064919 0.104179
0.055572 0.097723
0.055256 0.105915
0.055343 0.105400
0.045768 0.096493
0.045928 0.104771
0.036205 0.111246
0.036184 0.103521
0.055488 0.103388
0.036291 0.112963
0.026809 0.104408
0.026868 0.097952
0.026754 0.105896
0.026735 0.105257
0.017353 0.096159
0.026906 0.104418
0.027003 0.110712
0.036639 0.103006
0.055659 0.102911
0.065190 0.112591
0.065185 0.104065
0.074817 0.097818
0.065045 0.105782
0.074508 0.105228
0.065184 0.096178
0.065168 0.104523
0.055417 0.110798
0.065030 0.103102
0.055558 0.102940
0.046128 0.112677
0.036617 0.103807
0.027067 0.097599
0.027043 0.105562
0.027040 0.105057
0.017515 0.096149
0.007929 0.104523
0.007912 0.110817
0.000000 0.103140
0.000000 0.103292
0.000000 0.113058
0.000000 0.104246
0.000000 0.097904
0.000000 0.106077
0.000000 0.105305
0.000000 0.096235
0.000000 0.104780
0.000000 0.110731
0.000000 0.103045
0.000000 0.103388
0.000000 0.113001
0.000000 0.104294
0.000000 0.098076
0.000000 0.106106
0.000000 0.105085
0.000000 0.096178
0.000000 0.104895
0.000000 0.110893
0.000000 0.103159
0.007503 0.103550
0.000000 0.113230
0.000000 0.104513
0.000000 0.098343
0.000000 0.106268
0.000000 0.105190
0.000000 0.096273
0.000000 0.104799
0.000000 0.110664
0.000000 0.103121
0.000000 0.103474
0.000000 0.113039
0.000000 0.104332
0.000000 0.098333
0.000000 0.106268
0.000000 0.105152
0.000000 0.096226
0.016890 0.104914
0.026391 0.110817
0.045584 0.103321
0.055090 0.103855
0.064421 0.113363
0.074127 0.104628
0.083761 0.098705
0.093206 0.106640
0.083511 0.105371
0.074050 0.096474
0.074107 0.104971
0.055008 0.110922
0.045520 0.103426
0.045580 0.104017
0.035924 0.113430
0.035983 0.104475
0.035925 0.098629
0.016839 0.106573
0.016906 0.105209
0.016994 0.096407
0.016786 0.105133
0.007341 0.110807
0.007368 0.103226
0.016964 0.103884
0.000000 0.113344
0.000000 0.104322
0.000000 0.098486
0.000000 0.106487
0.000000 0.105162
0.007656 0.096407
0.000000 0.105095
0.000000 0.110664
0.000000 0.103254
0.000000 0.104046
0.000000 0.113268
0.000000 0.104475
0.000000 0.098810
0.000000 0.106707
0.000000 0.105286
0.000000 0.096397
0.000000 0.105352
0.000000 0.110836
0.000000 0.103464
0.000000 0.104399
0.000000 0.113773
0.000000 0.104942
0.000000 0.099316
0.000000 0.107327
0.000000 0.105686
0.000000 0.096912
0.000000 0.105581
0.000000 0.110903
0.000000 0.103493
0.000000 0.104561
0.000000 0.113993
0.000000 0.105247
0.000000 0.099688
0.000000 0.107279
0.000000 0.105124
0.000000 0.095997
0.000000 0.104313
0.000000 0.109711
0.000000 0.102310
0.007473 0.103874
0.007408 0.112925
0.007418 0.103397
0.017038 0.098715
0.036116 0.106077
0.036021 0.103083
0.055391 0.094566
0.074527 0.101585
0.093424 0.106421
0.112693 0.095911
0.131916 0.096016
0.141509 0.106726
0.151129 0.096951
0.170197 0.092955
0.179850 0.101871
0.189372 0.099382
0.208529 0.088234
0.218245 0.095291
0.246898 0.099087
0.256572 0.090179
0.266221 0.092812
0.275841 0.103216
0.285484 0.092592
0.304818 0.087624
0.324057 0.097284
0.324128 0.097580
0.352874 0.085173
0.391173 0.093288
0.400823 0.098534
0.439089 0.096169
0.458157 0.103025
0.515662 0.109901
0.544190 0.110359
0.582355 0.108051
0.630014 0.112543
0.677519 0.108538
0.725134 0.102577
0.772761 0.114470
0.829764 0.119123
0.896516 0.103378
0.953600 0.099030
1.010581 0.121937
1.077274 0.105467
1.143969 0.093508
1.201158 0.100393
1.277251 0.104542
1.343960 0.134897
1.429992 0.127420
1.496736 0.260944
1.592317 0.306063
1.687824 0.350189
1.783554 0.416985
1.888739 0.456429
2.003532 0.486698
2.118527 0.564861
2.242891 0.695467
2.367478 0.741386
2.491861 0.774803
2.616254 0.811949
2.740767 0.847759
2.884133 0.899935
2.989211 0.934734
3.103905 0.918884
3.218472 0.958052
3.323342 1.028128
3.428406 1.042185
3.533423 1.112213
3.628683 1.154852
3.733442 1.205425
3.828783 1.275396
3.943161 1.326075
4.048022 1.400309
4.152972 1.467876
4.257843 1.530218
4.372345 1.578808
4.496332 1.627216
4.620516 1.636076
4.754118 1.660070
4.859298 1.669741
4.993104 1.685228
5.107978 1.709042
5.222821 1.782455
5.356954 1.802025
5.491037 1.804476
5.625190 1.807528
5.749894 1.854143
5.874665 1.871099
5.999371 1.872864
6.124081 1.884527
6.248707 1.899471
6.392590 1.911831
6.498076 1.923265
6.622741 1.935129
6.737773 1.941471
6.862331 1.959400
6.996400 1.948671
7.139916 1.953068
7.264132 1.978960
7.398061 1.980038
7.522677 1.979990
7.646764 2.007933
7.751881 2.021170
7.876123 2.031498
7.981367 2.051897
8.086662 2.073250
8.201434 2.081823
8.316415 2.091522
8.421571 2.106390
8.526896 2.106209
8.632434 2.110729
8.728263 2.116337
8.843252 2.130976
8.958338 2.142506
9.082778 2.144480
9.197536 2.150974
9.321969 2.153702
9.427276 2.151861
9.541993 2.162390
9.647105 2.162590
9.752173 2.161341
9.866763 2.165604
9.971783 2.173586
10.076734 2.171545
10.181781 2.170277
10.277259 2.169189
10.391769 2.160044
10.497099 2.163668
10.602330 2.175913
10.698002 2.174349
10.812901 2.173243
10.927931 2.175179
11.033497 2.188148
11.148523 2.189379
11.282861 2.197456
11.398198 2.207880
11.513421 2.205153
11.647798 2.206755
11.772705 2.213640
11.897269 2.218857
12.031626 2.216978
12.156116 2.211571
12.261580 2.213469
12.367044 2.206316
12.462824 2.205305
12.558480 2.213564
12.644524 2.212982
12.730794 2.210617
12.807420 2.218523
12.874516 2.223215
12.960779 2.222357
13.056682 2.228584
13.133603 2.232933
13.220036 2.233791
13.325840 2.230835
13.422147 2.239885
13.547055 2.240257
13.662565 2.239237
13.787514 2.243986
13.893511 2.246046
14.047090 2.247572
14.191265 2.251873
14.354336 2.255564
14.507929 2.259159
14.671071 2.257652
14.824523 2.267494
14.968377 2.274437
15.121817 2.275066
15.265439 2.276077
15.418663 2.294827
15.562475 2.321157
15.686791 2.356720
15.830561 2.377129
15.964723 2.377033
16.127517 2.383585
16.271114 2.396793
16.414896 2.400913
16.577772 2.412462
16.740572 2.430744
16.893656 2.443399
17.056397 2.443085
17.237779 2.455673
17.390524 2.480440
17.552815 2.497892
17.686040 2.504864
17.828830 2.515240
17.942700 2.526226
18.066053 2.533970
18.170173 2.556686
18.255358 2.569885
18.349824 2.589502
18.444502 2.607231
18.529431 2.617369
18.624133 2.611732
18.728470 2.606354
18.823189 2.617807
18.927835 2.619581
19.061126 2.620592
19.175342 2.627449
19.308700 2.631321
19.432786 2.632294
19.566508 2.641439
19.709846 2.650967
19.834345 2.653551
19.968130 2.653742
20.083030 2.662134
20.188363 2.657814
20.284182 2.654343
20.379838 2.650890
20.456281 2.649593
20.532810 2.647982
20.599700 2.649841
20.675972 2.653856
20.733482 2.653980
20.809857 2.651558
20.876896 2.648764
20.963015 2.643633
21.039899 2.641535
21.126110 2.644272
21.222082 2.641783
21.327725 2.629738
21.433385 2.621059
21.548463 2.610655
21.654237 2.596645
21.759930 2.588472
21.856009 2.589569
21.951910 2.589493
22.019189 2.590694
22.096025 2.602320
22.163304 2.616072
22.230605 2.621794
22.316964 2.632465
22.403014 2.645283
22.489403 2.658482
22.594807 2.670126
22.719013 2.681417
22.833728 2.689857
22.957983 2.693892
23.081623 2.706385
23.195972 2.721357
23.310047 2.729883
23.424016 2.742167
23.528036 2.756882
23.603558 2.761068
23.688415 2.767410
23.753996 2.784166
23.819673 2.792959
23.875630 2.808084
23.941259 2.822218
24.016488 2.840042
24.082205 2.846155
24.166817 2.857828
24.232447 2.868757
24.317487 2.869720
24.402535 2.872143
24.487595 2.875671
24.544053 2.873316
24.638903 2.870216
24.714707 2.868109
24.790639 2.859669
24.876451 2.856646
24.943131 2.855873
25.019448 2.854013
25.077170 2.844830
25.144144 2.839661
25.211345 2.841740
25.268903 2.835522
25.336262 2.828302
25.403613 2.830410
25.451710 2.831917
25.519101 2.830181
25.576718 2.836742
25.634536 2.848206
25.701906 2.850084
25.778706 2.855759
25.836134 2.875042
25.903366 2.881498
25.989442 2.883711
26.046634 2.882433
26.122888 2.885675
26.179912 2.882872
26.246639 2.891884
26.303593 2.905083
26.350937 2.908096
26.388829 2.922144
26.426525 2.937555
26.464396 2.947254
26.531041 2.958794
26.597446 2.974873
26.664076 2.983713
26.740058 2.985020
26.825746 3.000765
26.911227 3.009672
26.996949 3.012466
27.101441 3.020372
27.196570 3.026991
27.301158 3.033066
27.396129 3.037863
27.500732 3.041515
27.586201 3.046265
27.690883 3.050280
27.805049 3.056755
27.890484 3.060598
27.995273 3.058844
28.109424 3.054771
28.233196 3.057928
28.357232 3.055773
28.509798 3.049564
28.662468 3.050165
28.815165 3.049355
28.968167 3.044653
29.130663 3.042021
29.283538 3.039007
29.446309 3.030930
29.609252 3.023529
29.762641 3.019648
29.887753 3.012791
30.012918 3.007879
30.148136 3.010054
30.254516 3.003340
30.361302 2.992134
30.497000 2.985554
30.613399 2.985125
30.729962 2.984257
30.856213 2.983999
30.982181 2.987118
31.098618 2.981005
31.224535 2.973280
31.340700 2.969780
31.418456 2.967157
31.515154 2.956772
31.592740 2.953644
31.651074 2.938433
31.690567 2.920790
31.748950 2.913475
31.768969 2.917824
31.779917 2.922754
31.790634 2.927999
31.820471 2.927446
31.840471 2.930145
31.879803 2.925034
31.947493 2.924719
31.986388 2.914381
32.053811 2.909317
32.130639 2.911263
32.207523 2.913847
32.303128 2.911625
32.418196 2.910566
32.513881 2.919388
32.599978 2.925949
32.705554 2.926636
32.820480 2.936287
32.906696 2.952442
33.002882 2.964611
33.117772 2.976484
33.232806 2.989063
33.347606 2.998066
33.481557 3.002577
33.605353 3.021708
33.748169 3.047924
33.909924 3.050890
34.052296 3.061209
34.175125 3.068047
34.298173 3.068876
34.421041 3.069868
34.505577 3.069420
34.590402 3.064919
34.665784 3.054256
34.731763 3.050814
34.797922 3.048525
34.864534 3.047123
34.959905 3.049746
35.045928 3.058043
35.151259 3.059149
35.275589 3.059998
35.390401 3.064203
35.514692 3.065739
35.638934 3.061209
35.762883 3.067865
35.867718 3.065214
35.944205 3.056717
36.020362 3.048697
36.058382 3.051519
36.106328 3.053102
36.144700 3.064823
36.183319 3.074999
36.240979 3.079329
36.308309 3.075314
36.394359 3.074455
36.480410 3.080025
36.585407 3.077030
36.718769 3.080025
36.832913 3.082037
36.984963 3.080797
37.108358 3.080473
37.241088 3.088465
37.345204 3.090906
37.459084 3.091087
37.544422 3.099489
37.629993 3.104515
37.735073 3.100977
37.830837 3.105507
37.945891 3.115253
38.070782 3.118219
38.224130 3.118343
38.367770 3.119984
38.539929 3.122015
38.711949 3.125362
38.893080 3.125830
39.064534 3.128881
39.235992 3.122215
39.397848 3.126392
39.550171 3.131971
39.703164 3.134041
39.836916 3.139868
39.980651 3.147869
40.124287 3.147612
40.277985 3.156796
40.450591 3.167362
40.632616 3.175220
40.814624 3.174753
41.015506 3.182402
41.225389 3.192053
41.435442 3.191738
41.635441 3.192253
41.816034 3.198395
41.996826 3.198481
42.167883 3.194656
42.310547 3.204498
42.424383 3.214169
42.510115 3.219299
42.585847 3.228617
42.623379 3.242931
42.641897 3.247747
42.660088 3.251877
42.639540 3.259134
42.609391 3.256531
42.569430 3.248196
42.509885 3.240452
42.440641 3.228979
42.362159 3.221045
42.283914 3.216467
42.196100 3.208456
42.099300 3.205433
42.012421 3.201771
41.935696 3.208370
41.859649 3.209839
41.821692 3.210554
41.812897 3.215036
41.813634 3.223467
41.843106 3.220005
41.901154 3.220663
41.929991 3.223705
41.978106 3.217030
42.016495 3.215981
42.044928 3.216925
42.044864 3.216906
42.054490 3.212919
42.054546 3.215837
42.026208 3.221684
42.007977 3.223906
41.999081 3.229961
41.971186 3.235521
41.934070 3.234615
41.886720 3.236427
41.829877 3.241520
41.753332 3.240032
41.638472 3.238831
41.513598 3.246174
41.340884 3.250761
41.149023 3.249855
40.937607 3.254929
40.688072 3.262882
40.409803 3.268557
40.112484 3.268080
39.767222 3.278799
39.422347 3.280964
39.038823 3.285189
38.645991 3.289375
38.233541 3.295374
37.821346 3.303881
37.399089 3.311119
36.957859 3.316889
36.506953 3.313999
36.055831 3.312368
35.604841 3.308868
35.134769 3.302879
34.674587 3.283234
34.195222 3.282423
33.744585 3.277740
33.285238 3.266697
32.835279 3.262644
32.375940 3.262053
31.926763 3.255444
31.487042 3.254023
31.038111 3.254719
30.589146 3.241663
30.159311 3.233566
29.719855 3.227215
29.280557 3.223209
28.850542 3.208179
28.420591 3.199091
27.990586 3.191319
27.570414 3.182793
27.169210 3.175268
26.777734 3.175163
26.405374 3.170862
26.052472 3.168764
25.737769 3.174572
25.432634 3.180676
25.175453 3.181610
24.946634 3.186312
24.755994 3.189449
24.565349 3.174553
24.383928 3.165255
24.211929 3.160849
24.011201 3.157415
23.819758 3.151913
23.609062 3.148470
23.379351 3.143253
23.140231 3.126202
22.901152 3.114157
22.652642 3.107901
22.404447 3.095541
22.166026 3.090334
21.918092 3.087492
21.708735 3.076477
21.499676 3.064890
21.319274 3.057318
21.139196 3.046474
20.987908 3.026037
20.865144 3.015118
20.732933 3.002872
20.610403 2.994814
20.487607 2.980547
20.383742 2.976599
20.260904 2.972288
20.157199 2.968235
20.034258 2.975998
19.920818 2.977819
19.797676 2.974167
19.674147 2.981405
19.540942 2.990246
19.417544 2.991180
19.284056 2.990246
19.140993 2.998562
18.988616 2.998381
18.845435 2.998171
18.692611 3.001366
18.530197 2.998590
18.358259 2.991190
18.195545 2.984715
18.004124 2.977943
17.822480 2.968206
17.640652 2.960901
17.458902 2.958517
17.267604 2.945881
17.076281 2.927809
16.903763 2.928934
16.721915 2.936430
16.568668 2.933025
16.415469 2.938299
16.290936 2.940769
16.147423 2.938423
16.032583 2.933607
15.917604 2.930784
15.793136 2.919302
15.678300 2.916994
15.544383 2.910843
15.419770 2.904720
15.276335 2.893705
15.123130 2.889814
14.960318 2.893610
14.807061 2.884426
14.634472 2.879486
14.452411 2.879610
14.279873 2.874336
14.116724 2.869720
13.953726 2.872047
13.771284 2.865868
13.627384 2.858591
13.473981 2.854319
13.329939 2.859573
13.195603 2.854042
13.070831 2.849979
12.955584 2.852087
12.840530 2.848148
12.734958 2.842236
12.629322 2.843924
12.542909 2.839651
12.446914 2.836218
12.350944 2.836533
12.264258 2.838144
12.168301 2.829008
12.072025 2.820873
11.966089 2.812510
11.850827 2.800417
11.754356 2.789001
11.638778 2.790318
11.494553 2.787418
11.388707 2.781057
11.263620 2.782097
11.138450 2.784290
11.004062 2.773581
10.888771 2.764111
10.763870 2.757349
10.658305 2.744160
10.543329 2.739038
10.418707 2.725744
10.313361 2.719402
10.188914 2.694864
10.093258 2.672129
9.968861 2.657890
9.863851 2.647943
9.768351 2.630835
9.663235 2.627649
9.567889 2.619429
9.482152 2.610636
9.387046 2.612028
9.310857 2.607241
9.244502 2.595091
9.187660 2.585802
9.130638 2.581291
9.054760 2.569418
8.988334 2.561302
8.931160 2.560816
8.864355 2.543659
8.788161 2.526474
8.702139 2.520418
8.597055 2.497883
8.511114 2.477951
8.396307 2.459402
8.281417 2.440691
8.166587 2.422762
8.042329 2.411175
7.917878 2.408466
7.793462 2.410517
7.669310 2.400732
7.554513 2.398510
7.439830 2.401752
7.325336 2.390680
7.220243 2.375946
7.105926 2.371540
7.010651 2.355165
6.925111 2.337561
6.848889 2.327642
6.772561 2.315445
6.706075 2.296410
6.630015 2.282047
6.553675 2.266626
6.487092 2.246323
6.420300 2.240362
6.343913 2.245407
6.277079 2.226391
6.200604 2.198544
6.123964 2.186317
6.057144 2.173567
5.990059 2.167673
5.903909 2.170467
5.827199 2.175102
5.760360 2.164631
5.693349 2.164993
5.626211 2.172413
5.568799 2.162209
5.511502 2.151918
5.463636 2.150011
5.415994 2.134695
5.377966 2.127180
5.320758 2.130947
5.273207 2.129250
5.235249 2.128582
5.197414 2.134523
5.159457 2.147684
5.131239 2.139721
5.093348 2.138262
5.055518 2.148209
5.017802 2.147074
4.980049 2.142992
4.961229 2.144156
4.932960 2.139454
4.904586 2.119884
4.876272 2.100763
4.847696 2.072010
4.809482 2.046814
4.780955 2.025661
4.752142 2.048721
4.714088 2.026558
4.666338 2.016478
4.627790 2.027922
4.579939 2.024279
4.522468 2.021790
4.474417 2.013626
4.407343 2.014942
4.349910 2.007961
4.301820 2.002735
4.244548 2.009802
4.187149 2.005892
4.139446 1.998224
4.072597 1.999569
4.034411 2.003489
3.977225 1.993513
3.920073 1.984901
3.872526 1.988029
3.825225 1.957016
3.777744 1.943283
3.720681 1.959200
3.663870 1.965714
3.607203 1.969967
3.569521 1.973848
3.522521 1.978750
3.484927 1.975708
3.466335 2.008228
3.428634 2.011166
3.400669 2.005491
3.372542 1.995401
3.353876 2.010260
3.296996 2.002592
3.278392 1.989679
3.240618 1.994915
3.202538 1.992445
3.155107 1.980057
3.136313 1.985197
3.079048 1.970854
3.041085 1.965446
3.002964 1.950693
2.955304 1.939011
2.907667 1.909981
2.860093 1.890888
2.821997 1.879177
2.783885 1.867075
2.736353 1.837759
2.707776 1.809921
2.650792 1.792707
2.612818 1.759081
2.574701 1.741199
2.536674 1.739855
2.508208 1.733303
2.489237 1.722069
2.451146 1.727047
2.422535 1.725063
2.394256 1.717358
2.375184 1.713343
2.346564 1.721392
2.327627 1.707067
2.308754 1.705074
2.280067 1.685982
2.241951 1.673965
2.222732 1.655922
2.184518 1.651649
2.155671 1.634579
2.136569 1.591911
2.098109 1.586437
2.059589 1.581163
2.030730 1.534672
2.001873 1.431913
1.972933 1.481714
1.925021 1.410255
1.896112 1.399889
1.867134 1.423454
1.838206 1.422348
1.799754 1.422005
1.770867 1.440744
1.751544 1.446486
1.732406 1.440601
1.713158 1.434250
1.694017 1.440191
1.665285 1.406651
1.646141 1.424351
1.626931 1.430483
1.617460 1.401329
1.598530 1.345139
1.589086 1.326551
1.560460 1.325808
1.551155 1.300030
1.541758 1.290474
1.532290 1.287966
1.513455 1.277628
1.504149 1.250467
1.485162 1.239643
1.456661 1.221094
1.447451 1.193991
1.438006 1.152039
1.418986 1.135273
1.400191 1.074238
1.390736 1.051283
1.371717 1.019773
1.352804 1.000128
1.333710 0.981483
1.324115 0.980768
1.305274 0.968065
1.286268 0.950375
1.276627 0.940514
1.248099 0.913572
1.238701 0.880814
1.238649 0.853119
1.229177 0.775061
1.219598 0.635109
1.210116 0.559301
1.190958 0.546932
1.181429 0.516634
1.171956 0.492668
1.172002 0.494537
1.152857 0.498915
1.143449 0.475340
1.143297 0.472345
1.114677 0.472279
1.114648 0.456810
1.095556 0.450659
1.085886 0.450916
1.076527 0.454798
1.076677 0.408335
1.067120 0.368977
1.057600 0.366364
1.038485 0.351582
1.019461 0.345564
1.009952 0.343885
0.990751 0.329456
0.990730 0.319042
0.971593 0.312748
0.971744 0.308714
0.942978 0.294495
0.933469 0.286856
0.914327 0.276976
0.904807 0.254564
0.895244 0.219650
0.885761 0.220146
0.876171 0.205965
0.866827 0.207415
0.857302 0.190163
0.847813 0.135431
0.857446 0.120277
0.838442 0.098648
0.828863 0.105591
0.819283 0.097971
0.819407 0.097389
0.790797 0.107555
0.771820 0.098600
0.762369 0.089455
0.752528 0.095434
0.714363 0.095043
0.685760 0.086107
0.676083 0.094604
0.656844 0.101967
0.647351 0.094452
0.637650 0.092993
0.618443 0.100498
0.589796 0.090494
0.570604 0.085430
0.551345 0.092802
0.541707 0.092793
0.522710 0.085154
0.503573 0.090046
0.474896 0.094929
0.465418 0.087080
0.446347 0.089779
0.436880 0.101337
0.417774 0.096073
0.408239 0.087185
0.379394 0.095224
0.360420 0.095930
0.350914 0.086231
0.331596 0.092812
0.312544 0.098085
0.302998 0.089293
0.293356 0.088072
0.274191 0.099754
0.274218 0.091419
0.283823 0.089226
0.274217 0.095882
0.274181 0.094500
0.274316 0.083609
0.274270 0.088415
0.264707 0.098763
0.255170 0.084248
0.274114 0.085554
0.254881 0.095501
0.245388 0.086832
0.235770 0.080614
0.216758 0.089188
0.207019 0.098848
0.187882 0.091038
0.178196 0.098810
0.149411 0.101757
0.139997 0.092525
0.130336 0.087891
0.120643 0.096407
0.110963 0.092535
0.101329 0.086365
0.110887 0.094233
0.091667 0.093393
0.101224 0.084982
0.101123 0.094433
0.101139 0.102491
0.101054 0.094757
0.110470 0.093899
0.100857 0.104914
