0.000000 0.184584
0.000034 0.186129
0.000205 0.177698
0.009570 0.184135
0.009515 0.191679
0.009766 0.183439
0.018983 0.181475
0.019164 0.190954
0.009477 0.183754
0.019147 0.176220
0.019162 0.184679
0.009617 0.185871
0.000000 0.177135
0.000241 0.184078
0.000000 0.191507
0.000015 0.183115
0.009595 0.181551
0.000000 0.191269
0.000000 0.183458
0.000000 0.176001
0.000000 0.184526
0.000000 0.185242
0.000000 0.175858
0.000000 0.183535
0.000000 0.190811
0.000000 0.182400
0.000000 0.181103
0.000000 0.190897
0.000000 0.182695
0.009840 0.175104
0.009909 0.183401
0.009561 0.183802
0.019037 0.174389
0.028869 0.182619
0.038218 0.189476
0.038238 0.180445
0.057249 0.179691
0.048001 0.189886
0.057354 0.180626
0.057253 0.173416
0.066949 0.181904
0.057270 0.181599
0.066699 0.172729
0.066959 0.181131
0.066740 0.187330
0.066900 0.179424
0.066843 0.179129
0.047742 0.189390
0.057462 0.180283
0.057525 0.174007
0.047795 0.182123
0.067196 0.181503
0.066974 0.172539
0.057631 0.181446
0.048175 0.187330
0.047961 0.179567
0.066960 0.180349
0.057685 0.189705
0.057327 0.181665
0.067039 0.175762
0.047697 0.184069
0.047695 0.182686
0.047793 0.173473
0.038268 0.182610
0.028787 0.188494
0.028925 0.180683
0.029049 0.181484
0.019330 0.191174
0.000343 0.181923
0.009757 0.176258
0.000182 0.184078
0.000398 0.182571
0.000166 0.173416
0.000181 0.182838
0.000000 0.188189
0.000215 0.180664
0.000206 0.181837
0.000334 0.191774
0.000000 0.182142
0.000280 0.176640
0.000000 0.184841
0.009496 0.182543
0.009512 0.173340
0.000163 0.182858
0.009512 0.187731
0.019342 0.180168
0.028756 0.181875
0.038315 0.191393
0.038366 0.182028
0.057722 0.177193
0.048100 0.185242
0.057569 0.182409
0.057498 0.173397
0.057531 0.182552
0.047963 0.186949
0.038474 0.179071
0.048171 0.180368
0.038512 0.188665
0.048176 0.181732
0.038704 0.178280
0.038415 0.186472
0.048007 0.182953
0.048358 0.174084
0.057418 0.182991
0.067020 0.187311
0.057644 0.179987
0.086311 0.183430
0.086139 0.192289
0.086086 0.182962
0.086113 0.178785
0.076785 0.186853
0.076742 0.182886
0.076737 0.174484
0.067218 0.183430
0.067355 0.186911
0.048095 0.179853
0.057957 0.183401
0.048048 0.191374
0.047977 0.182610
0.047907 0.179214
0.057432 0.187159
0.047705 0.182781
0.047639 0.174465
0.047566 0.183105
0.047495 0.186043
0.037927 0.178967
0.047727 0.182972
0.047563 0.190783
0.047586 0.182123
0.038178 0.178928
0.038049 0.186996
0.038093 0.182219
0.038185 0.174513
0.047693 0.183096
0.047710 0.185785
0.047646 0.178537
0.047636 0.183020
0.047682 0.190678
0.047566 0.182257
0.057085 0.179396
0.037699 0.187712
0.037663 0.182133
0.047342 0.174370
0.037911 0.183764
0.037730 0.185785
0.028406 0.178375
0.037821 0.183201
0.028316 0.190067
0.028466 0.181999
0.037957 0.179768
0.018980 0.189095
0.018702 0.183287
0.028137 0.175982
0.028287 0.184298
0.037674 0.186348
0.037583 0.177956
0.056657 0.182753
0.056725 0.190697
0.066336 0.183229
0.075968 0.180264
0.085358 0.189028
0.095014 0.182791
0.104489 0.175495
0.104794 0.183449
0.114065 0.185013
0.114287 0.177126
0.114411 0.183249
0.104666 0.190582
0.104980 0.182533
0.095286 0.180387
0.085800 0.189371
0.076103 0.182486
0.056990 0.175352
0.056845 0.183449
0.047378 0.184650
0.038003 0.176868
0.047357 0.183172
0.018517 0.190039
0.018576 0.182219
0.018525 0.180702
0.018482 0.189505
0.018525 0.182209
0.028359 0.175409
0.028007 0.183372
0.027938 0.183973
0.037618 0.175610
0.018530 0.182400
0.028099 0.188818
0.009089 0.180387
0.028425 0.179434
0.009169 0.186930
0.009053 0.174141
0.018739 0.168848
0.018729 0.178680
0.018558 0.177469
0.018558 0.168476
0.018590 0.175800
0.018607 0.182333
0.018583 0.175200
0.028191 0.175171
0.018382 0.184507
0.008964 0.177164
0.000000 0.170317
0.000000 0.178070
0.000000 0.177574
0.000000 0.169439
0.000000 0.177402
0.000000 0.183115
0.000000 0.175486
0.000000 0.175180
0.000000 0.184507
0.000000 0.176086
0.000000 0.170498
0.000000 0.178204
0.000000 0.177813
0.008691 0.169077
0.000000 0.178127
0.000000 0.183907
0.008685 0.176706
0.008665 0.176935
0.000000 0.186176
0.000000 0.177574
0.000000 0.171661
0.000000 0.179014
0.000000 0.178471
0.000000 0.170012
0.000000 0.178366
0.000000 0.183992
0.000000 0.176830
0.000000 0.177145
0.000000 0.186234
0.000000 0.177622
0.000000 0.172091
0.000000 0.179462
0.000000 0.178204
0.000000 0.169649
0.000000 0.178089
0.000000 0.183535
0.000000 0.176220
0.000000 0.176916
0.018504 0.186205
0.018377 0.177402
0.018541 0.172215
0.008657 0.179996
0.008697 0.178452
0.000000 0.169821
0.000000 0.178461
0.000000 0.183477
0.000000 0.176325
0.000000 0.177565
0.000000 0.186605
0.000000 0.178175
0.008906 0.173635
0.008916 0.179892
0.018364 0.177956
0.018308 0.170870
0.037348 0.180168
0.037301 0.184078
0.046873 0.176134
0.056192 0.177917
0.056283 0.187864
0.056276 0.180216
0.075377 0.176516
0.065781 0.184069
0.065751 0.182095
0.084763 0.175924
0.084625 0.183229
0.084726 0.191364
0.094151 0.189915
0.103928 0.192518
0.123086 0.201979
0.123127 0.194979
0.151800 0.189209
0.161250 0.199051
0.180344 0.194445
0.199342 0.190334
0.218364 0.198603
0.237411 0.201178
0.256527 0.194263
0.275443 0.197287
0.294447 0.206203
0.303939 0.197945
0.332549 0.193958
0.332313 0.203304
0.341910 0.200186
0.360946 0.192270
0.370365 0.202770
0.370303 0.207891
0.370307 0.206051
0.389278 0.212927
0.389216 0.223217
0.389301 0.218210
0.408310 0.210447
0.408237 0.223665
0.408310 0.230331
0.436823 0.230999
0.446338 0.247173
0.474776 0.267467
0.484404 0.287628
0.522389 0.321131
0.550821 0.449123
0.589004 0.630074
0.617478 0.752048
0.646087 0.845060
0.684214 0.912981
0.722267 0.953760
0.770038 0.963507
0.817879 1.065588
0.856115 1.161709
0.894143 1.247435
0.922773 1.297693
0.961016 1.417170
0.999495 1.427326
1.018590 1.519909
1.056616 1.570368
1.094921 1.651793
1.123632 1.684351
1.161809 1.722584
1.209735 1.781673
1.248065 1.818256
1.295923 1.853266
1.334131 1.908827
1.410637 1.923618
1.467872 1.985731
1.535150 1.996813
1.611672 2.052431
1.668826 2.096987
1.754642 2.150526
1.831255 2.137232
1.898206 2.158985
1.974766 2.192516
2.051239 2.217684
2.118074 2.217817
2.194618 2.228251
2.271110 2.240267
2.337945 2.252092
2.414251 2.282839
2.471355 2.288065
2.528928 2.303457
2.586081 2.307739
2.633644 2.315779
2.681194 2.334766
2.738546 2.347040
2.795741 2.363920
2.843326 2.370367
2.910108 2.388906
2.967181 2.429886
3.043504 2.458162
3.119820 2.492542
3.215454 2.523289
3.310847 2.575378
3.406587 2.590590
3.530889 2.613916
3.645371 2.639742
3.750552 2.652578
3.874846 2.664614
3.999148 2.699165
4.123354 2.728758
4.266882 2.740688
4.410244 2.767305
4.553388 2.780924
4.706432 2.785635
4.859315 2.794971
4.993274 2.799749
5.136493 2.825499
5.289206 2.842646
5.442162 2.866249
5.604807 2.900934
5.776836 2.916880
5.949030 2.951746
6.130885 2.974844
6.322122 2.986860
6.532745 3.015738
6.714576 3.040743
6.925397 3.059721
7.136293 3.070211
7.346964 3.080349
7.557915 3.092661
7.787964 3.111010
8.027641 3.128576
8.248238 3.153524
8.487806 3.169632
8.727694 3.180361
8.967540 3.195162
9.197695 3.203382
9.447191 3.216143
9.677341 3.231153
9.907434 3.247805
10.137566 3.244123
10.338771 3.246450
10.549442 3.258381
10.750813 3.266649
10.932955 3.273506
11.105473 3.282566
11.278281 3.290157
11.441055 3.300209
11.604103 3.309813
11.757372 3.318806
11.911167 3.320694
12.073964 3.327694
12.218016 3.340969
12.381017 3.342495
12.544221 3.345318
12.697622 3.352013
12.841522 3.353052
12.985405 3.356848
13.129311 3.368368
13.263568 3.379498
13.388059 3.389959
13.503448 3.406830
13.618410 3.423147
13.714409 3.433867
13.829307 3.438663
13.915762 3.445473
14.011816 3.449421
14.126737 3.459835
14.232003 3.473253
14.337231 3.473139
14.442559 3.476210
14.566555 3.488731
14.671746 3.490086
14.786739 3.490505
14.920529 3.494987
15.044908 3.501606
15.169291 3.504515
15.322468 3.509722
15.475841 3.518572
15.619442 3.523111
15.791833 3.524246
15.973646 3.532076
16.136747 3.536921
16.318548 3.536787
16.500639 3.545084
16.682598 3.554649
16.855129 3.556166
17.037321 3.562794
17.228709 3.575439
17.401140 3.585386
17.574016 3.591843
17.755768 3.605537
17.937807 3.615923
18.129353 3.624430
18.320722 3.627939
18.512335 3.636446
18.703709 3.645134
18.904768 3.649607
19.105314 3.658667
19.306199 3.660851
19.516440 3.662968
19.726829 3.671055
19.927482 3.680735
20.147415 3.682880
20.367297 3.690786
20.596498 3.698282
20.825621 3.697729
21.064646 3.699389
21.312770 3.704109
21.551310 3.707085
21.809255 3.707943
22.057318 3.717260
22.305421 3.730106
22.563119 3.736420
22.811199 3.743086
23.068605 3.752174
23.335934 3.757782
23.622441 3.764849
23.880082 3.771820
24.176402 3.776197
24.453728 3.777828
24.740335 3.784056
25.017779 3.787584
25.295435 3.785810
25.563241 3.787937
25.821756 3.792381
26.070708 3.791971
26.319619 3.792362
26.530266 3.796091
26.740660 3.798485
26.951104 3.798752
27.151886 3.804140
27.333628 3.805552
27.515531 3.805685
27.687988 3.807421
27.850637 3.809900
27.994267 3.808470
28.138010 3.809042
28.262673 3.811846
28.368437 3.811083
28.483545 3.809977
28.588982 3.813248
28.684910 3.815174
28.790368 3.814049
28.895793 3.815165
28.991757 3.819551
29.096893 3.822689
29.192724 3.824787
29.288303 3.828745
29.374079 3.829117
29.469482 3.828611
29.565019 3.832054
29.650931 3.833265
29.746220 3.833017
29.841442 3.835125
29.946285 3.837185
30.051290 3.835964
30.185109 3.836317
30.318716 3.839149
30.462044 3.837824
30.624400 3.836336
30.786549 3.839149
30.949445 3.839407
31.121193 3.840208
31.302913 3.841925
31.484712 3.844719
31.656625 3.843813
31.838523 3.844948
32.010291 3.847132
32.182396 3.846340
32.363923 3.845205
32.545621 3.849401
32.736781 3.851089
32.937531 3.851671
33.138319 3.855171
33.339255 3.857737
33.559453 3.857040
33.798674 3.858204
34.019018 3.861790
34.249094 3.860626
34.469594 3.859968
34.689485 3.862648
34.899958 3.864470
35.091517 3.863926
35.292249 3.865957
35.473846 3.866968
35.674582 3.864460
35.856101 3.864603
36.037586 3.866377
36.219298 3.864317
36.420126 3.861151
36.611221 3.863688
36.821666 3.863707
37.022899 3.861828
37.233542 3.864450
37.444371 3.869677
37.655106 3.868265
37.866128 3.869505
38.067380 3.875217
38.259026 3.874187
38.450495 3.875113
38.622882 3.879175
38.795007 3.881550
38.967281 3.882055
39.158350 3.885355
39.349597 3.888721
39.550032 3.888216
39.769420 3.888903
39.979735 3.892422
40.208653 3.893652
40.447339 3.895264
40.676667 3.900204
40.905951 3.905916
41.144816 3.907413
41.383660 3.912802
41.632014 3.916998
41.880474 3.917141
42.147946 3.918304
42.386768 3.921499
42.625361 3.921804
42.854524 3.922443
43.073740 3.925123
43.283619 3.925772
43.474218 3.925762
43.654834 3.929529
43.797271 3.934116
43.940232 3.935909
44.082697 3.939009
44.206109 3.943586
44.320213 3.942451
44.434413 3.941994
44.529323 3.944187
44.605357 3.944283
44.671814 3.943691
44.719110 3.946323
44.747308 3.947058
44.775317 3.944902
44.793883 3.945303
44.783694 3.947372
44.763857 3.945856
44.744349 3.946066
44.715029 3.947992
44.695425 3.947039
44.666641 3.944492
44.657067 3.945780
44.628399 3.945923
44.600550 3.943930
44.572385 3.943291
44.534937 3.944397
44.478464 3.941498
44.421986 3.938398
44.346461 3.937330
44.290043 3.934736
44.205142 3.930759
44.158114 3.929186
44.092401 3.927841
44.035963 3.921099
43.979310 3.915176
43.941801 3.913708
43.923633 3.907957
43.895663 3.905296
43.877420 3.906078
43.858983 3.901749
43.878779 3.895750
43.907919 3.894873
43.927362 3.891582
43.966224 3.882685
44.005054 3.879948
44.034029 3.881989
44.072789 3.882599
44.130196 3.889771
44.206798 3.903551
44.273872 3.912153
44.378987 3.919096
44.483814 3.926210
44.588226 3.933344
44.692454 3.936100
44.787084 3.940268
44.871896 3.944769
44.956211 3.945847
45.050211 3.946915
45.144225 3.949575
45.228790 3.948259
45.313415 3.944807
45.388361 3.945456
45.444777 3.943510
45.481914 3.939333
45.500335 3.940191
45.518616 3.943577
45.508456 3.942242
45.498727 3.941946
45.468992 3.943186
45.430257 3.942347
45.372233 3.940563
45.314274 3.941984
45.256102 3.941841
45.179118 3.939476
45.092432 3.939219
45.015721 3.940620
44.938784 3.936739
44.881551 3.935499
44.824244 3.937769
44.786515 3.935003
44.729678 3.932924
44.672574 3.934994
44.596772 3.935833
44.501330 3.934641
44.415852 3.935757
44.291556 3.936901
44.167398 3.933277
44.043094 3.930168
43.899631 3.929071
43.756397 3.922243
43.612872 3.913364
43.469488 3.911943
43.326100 3.907871
43.182624 3.903723
43.058709 3.901997
42.925376 3.901663
42.801402 3.899508
42.696829 3.900204
42.582461 3.904257
42.477625 3.906193
42.401649 3.907185
42.306327 3.912077
42.230137 3.915348
42.163241 3.916197
42.105682 3.921375
42.029058 3.925419
41.971360 3.925991
41.894685 3.926506
41.827268 3.929777
41.740824 3.928957
41.682991 3.929167
41.606063 3.932505
41.548345 3.934231
41.500272 3.932581
41.470920 3.935633
41.403354 3.938017
41.364632 3.937550
41.316409 3.937340
41.277414 3.939533
41.219417 3.937969
41.171133 3.936758
41.094193 3.938961
41.026498 3.939028
40.969014 3.937035
40.901711 3.938179
40.824909 3.939638
40.748403 3.937769
40.671683 3.937216
40.585690 3.938446
40.489983 3.935843
40.403986 3.933249
40.279616 3.934479
40.155509 3.934336
40.012042 3.932381
39.859048 3.933659
39.686963 3.935118
39.505163 3.933439
39.323196 3.933392
39.131811 3.935699
38.940394 3.934231
38.739274 3.932257
38.538225 3.933487
38.346685 3.933048
38.155095 3.930607
37.973233 3.932304
37.800489 3.933153
37.647509 3.930082
37.494291 3.929176
37.341235 3.930435
37.197910 3.928366
37.054465 3.926115
36.901496 3.926544
36.748652 3.925943
36.595638 3.923702
36.452151 3.924894
36.299246 3.925333
36.146405 3.922758
35.993259 3.921318
35.821344 3.921518
35.658566 3.917427
35.495957 3.914747
35.333413 3.915472
35.161211 3.915358
35.008320 3.913050
34.845895 3.913221
34.683160 3.911991
34.520776 3.909035
34.358359 3.907852
34.176614 3.909121
33.985526 3.905764
33.794495 3.903885
33.574318 3.904161
33.364097 3.902855
33.134538 3.900328
32.914485 3.901701
32.685143 3.901758
32.455662 3.897810
32.254700 3.896179
32.053896 3.896151
31.862679 3.890562
31.681222 3.885279
31.499396 3.881721
31.317681 3.876934
31.117034 3.871193
30.916244 3.868980
30.696522 3.864298
30.448200 3.857622
30.190165 3.851385
29.922423 3.849401
29.616783 3.844252
29.310964 3.837852
28.976123 3.837442
28.641769 3.834200
28.307013 3.829279
27.962781 3.826990
27.618756 3.822260
27.284409 3.814402
26.978337 3.807077
26.644006 3.801775
26.338443 3.779011
26.023042 3.768454
25.707752 3.762875
25.382915 3.754482
25.077114 3.746223
24.742814 3.745146
24.417795 3.739128
24.083427 3.730669
23.758424 3.728476
23.442939 3.728495
23.108251 3.725882
22.783215 3.718891
22.477266 3.715696
22.181368 3.708935
21.894373 3.698788
21.626683 3.689289
21.359168 3.678856
21.101115 3.669958
20.852517 3.659487
20.584991 3.653202
20.317525 3.639717
20.049798 3.631334
19.772410 3.628349
19.495221 3.619299
19.227621 3.610439
18.959958 3.606300
18.682459 3.603392
18.405474 3.596392
18.147144 3.590784
17.879398 3.586378
17.611713 3.575220
17.363312 3.566532
17.133813 3.562527
16.894760 3.552914
16.646349 3.544760
16.416681 3.539324
16.196625 3.536596
15.957722 3.529835
15.737631 3.530159
15.508036 3.530321
15.288177 3.527021
15.087091 3.524532
14.886116 3.527308
14.685090 3.524265
14.512834 3.519812
14.340506 3.517799
14.177812 3.515062
14.044011 3.511486
13.910043 3.512688
13.776093 3.508158
13.651782 3.501186
13.546888 3.499327
13.422528 3.496065
13.307811 3.489809
13.183522 3.477459
13.058983 3.472214
12.915707 3.468552
12.781857 3.463831
12.628615 3.467360
12.475384 3.470078
12.322426 3.469210
12.178716 3.468428
12.035273 3.468790
11.901365 3.462791
11.777079 3.454523
11.662308 3.451538
11.547533 3.449850
11.432805 3.442612
11.327640 3.440371
11.222235 3.434982
11.117182 3.420115
11.011884 3.402863
10.887412 3.392763
10.753410 3.380270
10.628949 3.358488
10.475479 3.348532
10.312817 3.336039
10.140438 3.328238
9.958494 3.327322
9.786027 3.327341
9.613287 3.326664
9.440848 3.327599
9.287323 3.331785
9.124723 3.321867
8.990507 3.317118
8.856163 3.321190
8.750492 3.315248
8.625923 3.308182
8.529800 3.296099
8.404832 3.287086
8.308728 3.272572
8.212744 3.254986
8.107146 3.245230
7.991795 3.214197
7.867194 3.178167
7.732828 3.165560
7.579470 3.134823
7.435621 3.107882
7.262998 3.104620
7.090552 3.097277
6.927503 3.083067
6.764476 3.075304
6.591983 3.069582
6.419555 3.051777
6.266090 3.038530
6.122359 3.023005
5.978447 3.008785
5.844289 3.004112
5.710093 3.001270
5.585169 2.992229
5.450909 2.992535
5.316540 2.968235
5.182264 2.959185
5.048059 2.944860
4.932975 2.933769
4.808477 2.928791
4.684022 2.935076
4.578618 2.934332
4.482908 2.939310
4.387089 2.937479
4.310678 2.922974
4.234187 2.917013
4.157666 2.902651
4.090700 2.874908
4.023925 2.857132
3.966595 2.838860
3.899687 2.815313
3.833030 2.774687
3.785263 2.749910
3.718580 2.721663
3.661346 2.712965
3.604211 2.698135
3.518331 2.687674
3.470692 2.674103
3.413379 2.664070
3.346810 2.667084
3.298991 2.657080
3.261069 2.647572
3.213613 2.657328
3.165954 2.664194
3.128033 2.661791
3.090295 2.650642
3.052267 2.637691
3.024043 2.606821
3.005382 2.594299
2.967611 2.583523
2.939399 2.552862
2.911312 2.536440
2.864090 2.524910
2.835929 2.504244
2.798356 2.500410
2.751085 2.497997
2.713329 2.501163
2.666076 2.483253
2.628483 2.483025
2.581046 2.490816
2.533783 2.503538
2.486458 2.502766
2.457888 2.513590
2.419850 2.522335
2.391579 2.523165
2.372566 2.517796
2.334464 2.513580
2.315462 2.487659
2.296481 2.477026
2.267782 2.469740
2.239314 2.462015
2.210524 2.451115
2.182006 2.453775
2.153382 2.446470
2.134534 2.456551
2.106016 2.464724
2.058364 2.480240
2.039489 2.485504
2.020337 2.480764
2.020460 2.495985
2.001672 2.509031
1.992212 2.493658
1.973303 2.494335
1.963979 2.466068
1.954353 2.434063
1.935121 2.405691
1.906531 2.359486
1.878085 2.333164
1.839849 2.291002
1.801646 2.269726
1.773005 2.238741
1.715611 2.204313
1.658251 2.182407
1.610424 2.184534
1.562632 2.170944
1.514481 2.172308
1.466710 2.196913
1.428436 2.193127
1.399882 2.178497
1.361550 2.174320
1.332683 2.172689
1.304148 2.165766
1.285012 2.165508
1.256543 2.158508
1.256606 2.138147
1.237456 2.114820
1.227985 2.096148
1.237543 2.067032
1.218491 2.044287
1.208993 2.029753
1.209218 2.013721
1.189942 1.973085
1.171072 1.955290
1.170943 1.961184
1.161529 1.965313
1.151897 1.980743
1.132872 1.988382
1.123404 1.970081
1.123407 1.929140
1.104172 1.884766
1.085064 1.866169
1.066322 1.850681
1.056679 1.852465
1.046946 1.838741
1.027896 1.770496
1.018440 1.659479
1.008733 1.590729
0.999393 1.532278
0.989793 1.480999
0.970748 1.414566
0.951645 1.384077
0.932667 1.360178
0.913429 1.273575
0.894449 1.210003
0.865845 1.108484
0.856281 1.103363
0.818173 1.079082
0.789563 1.141357
0.761025 1.170492
0.741935 1.207180
0.723051 1.211061
0.704042 1.223879
0.694607 1.241770
0.685220 1.244841
0.675838 1.221752
0.685556 1.236496
0.685351 1.240244
0.675948 1.184988
0.676088 1.143074
0.675996 1.067581
0.666673 1.027031
0.676093 1.036978
0.666710 0.963297
0.647656 0.875320
0.647736 0.827236
0.628685 0.806684
0.618901 0.764933
0.599914 0.704079
0.599810 0.634527
0.580780 0.459061
0.580940 0.328035
0.571381 0.264473
0.561893 0.203285
0.543185 0.181484
0.533563 0.157919
0.523946 0.144615
0.504849 0.103064
0.504971 0.109701
0.505047 0.112038
0.495552 0.105925
0.495489 0.090742
0.485960 0.077496
0.476488 0.085106
0.466851 0.088997
0.466822 0.081739
0.466835 0.104761
0.457272 0.125275
0.457326 0.122576
0.476510 0.122318
0.476583 0.147314
0.476563 0.130568
0.495827 0.080452
0.505171 0.001822
0.505294 0.001106
0.505325 0.000000
0.505234 0.000353
0.505277 0.007076
0.505447 0.000000
0.505518 0.000000
0.505362 0.008383
0.495934 0.000000
0.476695 0.000000
0.476621 0.001068
0.466952 0.000811
0.457768 0.000000
0.467140 0.000296
0.457581 0.006685
0.447981 0.000000
0.448068 0.000000
0.428926 0.008726
0.429071 0.000000
0.419422 0.000000
0.409789 0.001421
0.409689 0.000677
0.409805 0.000000
0.409805 0.000420
0.409740 0.006437
0.400097 0.000000
0.400340 0.000000
0.390593 0.008850
0.400114 0.000000
0.390451 0.000000
0.390461 0.001593
0.380928 0.000401
0.380921 0.000000
0.371252 0.000391
0.371561 0.006142
0.361811 0.000000
0.352534 0.000000
0.352340 0.009022
0.361604 0.000000
0.352425 0.000000
0.361807 0.001898
0.342565 0.000200
0.342623 0.000000
0.352337 0.000267
0.352075 0.005541
0.342362 0.000000
0.361482 0.000000
0.351859 0.008907
0.351934 0.000000
0.352016 0.000000
0.352203 0.002337
0.352213 0.000057
0.352100 0.000000
0.333092 0.000343
0.333013 0.005264
0.333173 0.000000
0.342658 0.000000
0.333057 0.009012
0.333233 0.000000
0.333052 0.000000
0.323377 0.002756
0.314132 0.000000
0.323314 0.000000
0.313850 0.000296
0.304401 0.004892
0.294604 0.000000
0.294792 0.000000
0.275600 0.009069
0.275509 0.000000
0.275478 0.000000
0.265899 0.003262
0.275415 0.000000
0.275303 0.000000
0.265877 0.000315
0.275373 0.004473
0.275366 0.000000
0.294279 0.000000
0.294108 0.008993
0.294224 0.000000
0.303921 0.000000
0.304167 0.003767
0.313523 0.000000
0.313842 0.000000
0.323305 0.000334
0.323305 0.004091
0.332873 0.000000
0.342630 0.000000
0.332850 0.008879
0.323335 0.000000
0.313720 0.000000
0.304066 0.004358
0.304099 0.000000
0.285260 0.000000
0.285128 0.000439
0.275553 0.003710
0.266082 0.000000
0.266114 0.000181
0.256630 0.008755
0.266182 0.000000
0.275966 0.000000
0.256583 0.004892
0.256781 0.000000
0.266406 0.000000
0.247184 0.000420
0.247154 0.003300
0.256806 0.000000
0.247223 0.000277
0.256688 0.008564
0.256811 0.000000
0.256941 0.000000
0.266026 0.005465
0.266274 0.000000
0.266170 0.000000
0.275915 0.000401
0.275503 0.002861
0.000000 0.168400
0.000000 0.160084
0.000000 0.169268
0.000000 0.172710
0.000000 0.165329
0.000000 0.168848
0.000000 0.177689
0.000000 0.168600
0.000262 0.164719
0.000000 0.173235
0.000000 0.168648
0.000148 0.160198
0.000000 0.169497
0.000000 0.172615
0.000000 0.165043
0.000000 0.169029
0.000000 0.177402
0.000000 0.168371
0.000000 0.164795
0.000000 0.173054
0.000000 0.167150
0.000000 0.158720
0.000000 0.167284
0.000000 0.171223
0.000000 0.164261
0.000000 0.168858
0.000000 0.177031
0.000000 0.168095
0.000000 0.164986
0.000000 0.173178
0.000000 0.167723
0.000000 0.159836
0.000000 0.168638
0.000000 0.171461
0.000000 0.163784
0.000000 0.168629
0.000000 0.176716
0.000000 0.167589
0.000000 0.164995
0.000000 0.174046
0.000000 0.168200
0.000000 0.160084
0.000000 0.169029
0.000000 0.170956
0.000000 0.162945
0.000000 0.167809
0.000000 0.176058
0.000000 0.167313
0.000000 0.164537
0.000000 0.173388
0.000000 0.167379
0.000000 0.159321
0.000000 0.168200
0.000000 0.170755
0.009393 0.162020
0.009122 0.168381
0.009374 0.176477
0.009166 0.167398
0.019086 0.164595
0.018964 0.173168
0.018847 0.165348
0.018770 0.157833
0.009369 0.166264
0.009374 0.167494
0.000000 0.160141
0.000000 0.167017
0.000000 0.176296
0.000000 0.167751
0.000000 0.167141
0.000000 0.175886
0.000000 0.166912
0.000000 0.159264
0.000000 0.168257
0.000000 0.168591
0.000000 0.160456
0.000000 0.164356
0.000000 0.174093
0.000000 0.165768
0.000000 0.163774
0.000000 0.173292
0.000000 0.166149
0.000000 0.158081
0.000000 0.166483
0.000000 0.167284
0.000000 0.158453
0.000000 0.163288
0.000000 0.171242
0.000000 0.161543
0.000000 0.158272
0.000000 0.171070
0.000000 0.164022
0.000000 0.158100
0.000000 0.166168
0.000000 0.167770
0.000000 0.159216
0.000000 0.166759
0.000000 0.174379
0.000000 0.163059
0.000000 0.162792
0.000000 0.172081
0.000000 0.163851
0.000000 0.155468
0.000000 0.165348
0.000000 0.165892
0.000000 0.154829
0.000000 0.161591
0.000000 0.172186
0.000000 0.165062
0.000000 0.164328
0.000000 0.175524
0.000000 0.168886
0.000000 0.164280
0.000000 0.172033
0.000000 0.171528
0.000000 0.162592
0.000000 0.170059
0.000000 0.176182
0.000000 0.168839
0.000000 0.165434
0.000000 0.175457
0.000000 0.166140
0.000000 0.159197
0.000000 0.167780
0.000000 0.165491
0.000000 0.156355
0.000000 0.164766
0.000000 0.170765
0.000000 0.162783
0.000000 0.162134
0.000000 0.171919
0.000000 0.163441
0.000000 0.156803
0.000000 0.164928
0.000000 0.164566
0.000000 0.155840
0.000000 0.164394
0.000000 0.170298
0.000000 0.162992
0.000000 0.162802
0.000000 0.172968
0.000000 0.163307
0.000000 0.156879
0.000000 0.164833
0.000000 0.163965
0.000000 0.154953
0.000000 0.163918
0.000000 0.169992
0.000000 0.162497
0.000000 0.162554
0.000000 0.172176
0.000000 0.163059
0.000000 0.157423
0.000000 0.166245
0.000000 0.165405
0.000000 0.156603
0.000000 0.165663
0.000000 0.171633
0.000000 0.164385
0.000000 0.165167
0.000000 0.174570
0.000000 0.165768
0.000000 0.159597
0.000000 0.166740
0.000000 0.166492
0.000000 0.157127
0.000000 0.166683
0.000000 0.172186
0.000000 0.164413
0.000000 0.165453
0.000000 0.173998
0.000000 0.164585
0.000000 0.159159
0.000000 0.165462
0.000000 0.164328
0.000000 0.156479
0.000000 0.165167
0.000000 0.169344
0.000000 0.161676
0.000000 0.163088
0.000000 0.172863
0.000000 0.162992
0.000000 0.157022
0.000000 0.165806
0.000000 0.163898
0.000000 0.154686
0.000000 0.163889
0.000000 0.169125
0.000000 0.161552
0.000000 0.163212
0.000000 0.172997
0.000000 0.163794
0.000000 0.158482
0.000000 0.166035
0.000000 0.163479
0.000000 0.154600
0.000000 0.164070
0.000000 0.168953
0.000000 0.161467
0.000000 0.163975
0.000000 0.173264
0.000000 0.164175
0.000000 0.158968
0.000000 0.167360
0.000000 0.164185
0.000000 0.155258
0.000000 0.164871
0.000000 0.169487
0.000000 0.162106
0.000000 0.164080
0.000000 0.173273
0.000000 0.164003
0.000000 0.159464
0.000000 0.167074
0.000000 0.163622
0.000000 0.155544
0.000000 0.164986
0.000000 0.169020
0.000000 0.161800
0.000000 0.164824
0.000000 0.173464
0.000000 0.163975
0.000000 0.161810
0.000000 0.169907
0.000000 0.165482
0.000000 0.155621
0.000000 0.164585
0.000000 0.168962
0.000000 0.160894
0.000000 0.164871
0.000000 0.173388
0.000000 0.164671
0.000000 0.160999
0.000000 0.168753
0.000000 0.163832
0.000000 0.156050
0.000000 0.165329
0.000000 0.168495
0.000000 0.161715
0.000000 0.165577
0.000000 0.174026
0.000000 0.164404
0.000000 0.159988
0.000000 0.168104
0.000000 0.164070
0.000000 0.155039
0.000000 0.164490
0.000000 0.167398
0.000000 0.159388
0.000000 0.164013
0.000000 0.171547
0.000000 0.162191
0.000000 0.158529
0.000000 0.169458
0.000000 0.164309
0.000000 0.156002
0.000000 0.165348
0.000000 0.168571
0.000000 0.161762
0.000000 0.166883
0.000000 0.174532
0.000000 0.166607
0.000000 0.163698
0.000000 0.170784
0.000000 0.165653
0.000000 0.156088
0.000000 0.164957
0.000000 0.168142
0.000000 0.160522
0.000000 0.165558
0.000000 0.174170
0.000000 0.165787
0.000000 0.162849
0.000000 0.171442
0.000000 0.165243
0.000000 0.157347
0.000000 0.166512
0.000000 0.168791
0.000000 0.160770
0.000000 0.165644
0.000000 0.174847
0.000000 0.165920
0.000000 0.162430
0.000000 0.171747
0.000000 0.163651
0.000000 0.156126
0.000000 0.162973
0.000000 0.165253
0.000000 0.156336
0.000000 0.162153
0.000000 0.169382
0.000000 0.160227
0.000000 0.158386
0.000000 0.170040
0.000000 0.163002
0.000000 0.154467
0.000000 0.163212
0.000000 0.164089
0.000000 0.155544
0.000000 0.161562
0.000000 0.170383
0.000000 0.162163
0.000000 0.158339
0.000000 0.168877
0.000000 0.162601
0.000000 0.154591
0.000000 0.162029
0.000000 0.165205
0.000000 0.153313
0.000000 0.161362
0.000000 0.168543
0.000000 0.159817
0.000000 0.156660
0.000000 0.166445
0.000000 0.153913
0.000000 0.150938
0.000000 0.158167
0.000000 0.162354
0.000000 0.153465
0.000000 0.162973
0.000000 0.172167
0.000000 0.163364
0.000000 0.162640
0.000000 0.172520
0.000000 0.165071
0.000000 0.157814
0.000000 0.165987
0.000000 0.166864
0.000000 0.157909
0.000000 0.166073
0.000000 0.173140
0.000000 0.164537
0.000000 0.163698
0.000000 0.173893
0.000000 0.165091
0.000000 0.158987
0.000000 0.167274
0.000000 0.167770
0.000000 0.158548
0.000000 0.167150
0.000000 0.174150
0.000000 0.165625
0.000000 0.164604
0.000000 0.174341
0.000000 0.165930
0.000000 0.159616
0.000000 0.168858
0.000000 0.169125
0.000000 0.160351
0.000000 0.168619
0.000000 0.173597
0.000000 0.164213
0.000000 0.163641
0.000000 0.172567
0.000000 0.162954
0.000000 0.156879
0.000000 0.167131
0.000000 0.171547
0.000000 0.161963
0.000000 0.171375
0.000000 0.178490
0.000000 0.170221
0.000000 0.168829
0.008266 0.179939
0.008185 0.170927
0.017744 0.164356
0.027252 0.173464
0.017683 0.172777
0.027552 0.163326
0.027440 0.171852
0.027559 0.178165
0.036917 0.170088
0.036908 0.170212
0.027356 0.179939
0.027285 0.170774
0.036821 0.164766
0.046352 0.172949
0.055744 0.171833
0.055819 0.162544
0.065298 0.171175
0.055746 0.177155
0.055762 0.169296
0.065393 0.169344
0.065367 0.179434
0.046364 0.170183
0.046394 0.164347
0.046373 0.172586
0.036896 0.170889
0.036879 0.161324
0.027434 0.170050
0.027333 0.176039
0.027145 0.168114
0.036710 0.169153
0.036874 0.179825
0.046308 0.172157
0.046206 0.167303
0.046126 0.176105
0.046330 0.174685
0.046203 0.165749
0.055925 0.175304
0.055781 0.184040
0.074901 0.181484
0.113340 0.189943
0.113191 0.209064
0.141938 0.214176
0.170799 0.230293
0.208954 0.247602
0.237649 0.267286
0.275954 0.281305
0.314318 0.353804
0.343077 0.333691
0.381200 0.261850
0.419537 0.261526
0.448276 0.268602
0.477252 0.255957
0.496315 0.234432
0.515500 0.235844
0.515752 0.229359
0.534754 0.217028
0.534781 0.225945
0.534869 0.232868
0.534942 0.230808
0.544411 0.244007
0.534912 0.267210
0.544618 0.278168
0.544580 0.356331
0.563621 0.480356
0.573293 0.624475
0.592325 0.807829
0.620908 1.149607
0.658837 1.259947
0.697185 1.376934
0.745070 1.432896
0.783122 1.440420
0.840383 1.456203
0.887972 1.494331
0.926352 1.506376
0.973936 1.515827
1.021600 1.558304
1.059771 1.602001
1.088419 1.632223
1.126979 1.653032
1.174472 1.659756
1.193615 1.676264
1.231781 1.702347
1.260518 1.749973
1.289078 1.776781
1.317712 1.826611
1.365481 1.827450
1.393917 1.888666
1.432158 1.909485
1.470335 1.949310
1.499143 1.940012
1.546614 2.003288
1.585138 2.044954
1.632829 2.050161
1.680500 2.081480
1.747467 2.108259
1.824049 2.177496
1.900316 2.239866
1.976900 2.282782
2.053301 2.305889
2.139267 2.330227
2.224973 2.339840
2.311178 2.353106
2.406519 2.385111
2.492441 2.410135
2.568846 2.439632
2.664405 2.441406
2.750236 2.448635
2.826548 2.463036
2.921923 2.482872
3.007782 2.513800
3.112891 2.537451
3.217970 2.556925
3.332650 2.587175
3.447104 2.609606
3.552402 2.622967
3.695873 2.655392
3.839138 2.658424
3.973168 2.682886
4.107019 2.700262
4.259979 2.714491
4.393887 2.718220
4.527741 2.712116
4.652058 2.718878
4.756882 2.731514
4.871578 2.738047
4.967223 2.745609
5.062680 2.758398
5.148645 2.764502
5.244248 2.769146
5.330141 2.776957
5.416101 2.791452
5.502176 2.795382
5.607281 2.799168
5.702863 2.810688
5.817434 2.822733
5.951244 2.832165
6.066180 2.847710
6.190503 2.856379
6.314773 2.865858
6.448668 2.878056
6.573045 2.898169
6.706988 2.912865
6.840960 2.922096
6.975007 2.956219
7.109264 2.963705
7.262269 2.978201
7.425004 2.994871
7.578179 3.014441
7.750625 3.030758
7.922947 3.051538
8.104727 3.075495
8.296234 3.086729
8.497132 3.113461
8.688482 3.129606
8.879851 3.140774
9.090429 3.141632
9.300723 3.155432
9.491880 3.163443
9.702410 3.174601
9.922354 3.193541
10.142225 3.212271
10.371956 3.217602
10.601452 3.225880
10.831115 3.248081
11.070233 3.270655
11.309517 3.281040
11.548696 3.297548
11.777984 3.311806
12.007535 3.320875
12.227287 3.330784
12.428417 3.337688
12.629258 3.338490
12.829778 3.346014
13.011487 3.357630
13.183536 3.369598
13.374752 3.376122
13.556183 3.386583
13.728250 3.393984
13.900241 3.400278
14.072125 3.411484
14.253691 3.420658
14.416139 3.419485
14.597441 3.424854
14.769519 3.430080
14.941512 3.430738
15.132768 3.435173
15.295259 3.441963
15.486411 3.449659
15.668355 3.452654
15.869394 3.460817
16.051269 3.466110
16.252432 3.468351
16.453632 3.471594
16.654703 3.477526
16.855955 3.483944
17.076275 3.486471
17.277293 3.496704
17.488034 3.504648
17.717911 3.517017
17.918938 3.528042
18.138996 3.535242
18.359155 3.532925
18.560045 3.537550
18.770330 3.543873
18.971151 3.544407
19.190748 3.542404
19.400729 3.546572
19.591963 3.542700
19.802260 3.541698
20.021868 3.541918
20.241846 3.545589
20.461981 3.545074
20.691645 3.551769
20.931074 3.558359
21.170477 3.562050
21.419520 3.565884
21.659007 3.574152
21.908075 3.577414
22.147749 3.578510
22.377690 3.583698
22.607732 3.589706
22.818618 3.588028
23.048664 3.590374
23.240278 3.593369
23.450809 3.590508
23.661543 3.597813
23.862556 3.604403
24.063390 3.610163
24.273943 3.613167
24.484133 3.627977
24.694067 3.639498
24.904482 3.646431
25.123791 3.650694
25.333417 3.658915
25.533599 3.663387
25.743292 3.664875
25.933511 3.670816
26.123881 3.671942
26.304949 3.671408
26.495558 3.675537
26.647702 3.680153
26.809488 3.678608
26.981075 3.679762
27.143195 3.685284
27.295912 3.684921
27.448190 3.683777
27.610339 3.686867
27.781686 3.689127
27.934196 3.689919
28.096061 3.693438
28.248492 3.696556
28.410655 3.693762
28.582181 3.694820
28.744248 3.697929
28.906506 3.694677
29.068713 3.693733
29.240718 3.696432
29.393410 3.696890
29.556119 3.697357
29.718924 3.703699
29.871999 3.707829
30.015828 3.709927
30.168855 3.713417
30.303022 3.717442
30.436986 3.718634
30.561346 3.719406
30.666450 3.723106
30.780895 3.722973
30.876604 3.722172
31.000354 3.725567
31.115117 3.728123
31.248653 3.726559
31.382399 3.724461
31.525514 3.727026
31.668860 3.726110
31.821940 3.726082
31.984491 3.729925
32.137625 3.731127
32.300123 3.729677
32.462584 3.732653
32.615686 3.736191
32.768748 3.734722
32.912080 3.735962
33.045809 3.738194
33.179774 3.736668
33.313862 3.735085
33.447645 3.736515
33.581594 3.736382
33.715718 3.735189
33.849724 3.739090
33.993280 3.741169
34.127539 3.742037
34.270983 3.743982
34.414326 3.750019
34.548447 3.751354
34.711229 3.757010
34.845074 3.762417
34.978859 3.764067
35.112689 3.765001
35.236861 3.769846
35.360716 3.773994
35.456091 3.774195
35.560676 3.778515
35.656101 3.783207
35.751390 3.783693
35.846495 3.786459
35.941727 3.795576
36.027437 3.804283
36.132074 3.812075
36.246421 3.823776
36.369988 3.832960
36.493765 3.840446
36.626907 3.850689
36.750270 3.860474
36.864205 3.863201
36.987645 3.863611
37.082351 3.868895
37.157875 3.870935
37.243063 3.869734
37.309192 3.873930
37.384685 3.876724
37.489102 3.876963
37.593338 3.877821
37.697558 3.880444
37.811391 3.879194
37.906387 3.878975
37.991490 3.880987
38.047941 3.880119
38.104525 3.877916
38.132240 3.880062
38.140930 3.880672
38.140035 3.878622
38.120158 3.878231
38.080826 3.879633
38.032539 3.876972
37.983957 3.875999
37.935664 3.877516
37.896820 3.877230
37.858744 3.876076
37.829485 3.878994
37.800574 3.881397
37.781315 3.880787
37.771809 3.880959
37.752584 3.881130
37.742877 3.876619
37.723828 3.872461
37.704652 3.871393
37.675842 3.867378
37.657011 3.861561
37.638021 3.863010
37.609504 3.863363
37.590933 3.861427
37.591554 3.863935
37.582418 3.866930
37.583185 3.865986
37.583888 3.867655
37.603713 3.872509
37.614073 3.873425
37.643351 3.873177
37.672378 3.876495
37.692126 3.877678
37.730689 3.876123
37.750185 3.876944
37.759744 3.878517
37.769748 3.876495
37.779637 3.875294
37.779714 3.876867
37.798820 3.875904
37.818306 3.873796
37.856621 3.876038
37.895124 3.877344
37.952937 3.875856
38.010632 3.877735
38.058942 3.880682
38.126334 3.879700
38.183882 3.879652
38.232074 3.882341
38.261134 3.881731
38.299480 3.880262
38.347208 3.882685
38.376303 3.883381
38.433396 3.882170
38.471596 3.884029
38.528597 3.886786
38.576169 3.885412
38.642684 3.885660
38.709304 3.887701
38.775890 3.886757
38.861453 3.885231
38.947197 3.887558
39.042363 3.888330
39.118364 3.886948
39.213515 3.888474
39.270304 3.890476
39.355956 3.888884
39.432052 3.889103
39.517665 3.890676
39.622628 3.889799
39.727565 3.887749
39.842271 3.890352
39.985798 3.891220
40.138661 3.891077
40.329883 3.894005
40.511531 3.896942
40.712645 3.896389
40.942294 3.897181
41.162573 3.900270
41.382834 3.899736
41.621866 3.899221
41.851831 3.901424
42.100615 3.902416
42.330660 3.901339
42.560335 3.902903
42.780498 3.904591
42.962421 3.902826
43.144621 3.902073
43.297593 3.903999
43.431895 3.901920
43.528051 3.899965
43.604896 3.901062
43.633820 3.901272
43.643430 3.899727
43.624449 3.900623
43.586332 3.901310
43.529019 3.899355
43.471637 3.898554
43.404917 3.900623
43.337957 3.898678
43.270984 3.897915
43.213541 3.900442
43.184826 3.901510
43.175222 3.900595
43.175206 3.902903
43.194012 3.904753
43.203580 3.903418
43.241610 3.903551
43.270283 3.905668
43.298707 3.904467
43.317716 3.902950
43.336536 3.904667
43.336393 3.904982
43.336514 3.903170
43.336066 3.904943
43.326115 3.906860
43.326344 3.905573
43.335850 3.906012
43.345312 3.908539
43.364330 3.907299
43.383319 3.906803
43.421368 3.908911
43.440317 3.909674
43.488163 3.908205
43.516279 3.910704
43.564022 3.912497
43.621190 3.911495
43.697368 3.911514
43.783236 3.914070
43.869203 3.912659
43.964736 3.911572
44.070045 3.913002
44.156324 3.913202
44.242667 3.911371
44.319334 3.912849
44.367440 3.914299
44.377302 3.912296
44.377816 3.911991
44.349516 3.913498
44.292366 3.911810
44.225723 3.910074
44.168509 3.911276
44.102171 3.911409
44.045177 3.908768
44.035917 3.909531
44.036379 3.910255
44.055692 3.907824
44.103909 3.906660
44.171101 3.909588
44.247817 3.907919
44.334141 3.907795
44.439523 3.909788
44.554666 3.909864
44.679365 3.908691
44.794421 3.910751
44.899603 3.912573
45.005052 3.910646
45.091257 3.910580
45.177473 3.912964
45.254088 3.911562
45.340244 3.910618
45.397719 3.913155
45.473986 3.913498
45.541107 3.912020
45.598281 3.914661
45.655136 3.916988
45.683666 3.916292
45.712052 3.916473
45.711669 3.918695
45.692215 3.917446
45.643982 3.916569
45.566941 3.918409
45.470576 3.918076
45.346003 3.916225
45.202010 3.917332
45.010256 3.918247
44.799626 3.916082
44.569577 3.914814
44.311213 3.915777
44.014340 3.912239
43.708109 3.908978
43.373389 3.908968
43.000426 3.905821
42.608359 3.901005
42.187570 3.898621
41.728791 3.895473
41.270060 3.887444
40.763460 3.880806
40.218670 3.875847
39.645087 3.864698
39.052680 3.856182
38.441150 3.851166
37.791378 3.845730
37.141735 3.835640
36.482952 3.824558
35.804626 3.811703
35.136301 3.797531
34.449076 3.781385
33.771323 3.769627
33.084189 3.754005
32.397039 3.737774
31.681131 3.722553
30.965362 3.712673
30.221016 3.696651
29.466845 3.677177
28.684093 3.661928
27.901160 3.646173
27.108582 3.631144
26.315773 3.619881
25.532556 3.606768
24.778080 3.587418
24.042658 3.565435
23.345383 3.543711
22.695917 3.526506
22.094176 3.514833
21.511116 3.498631
20.986001 3.481483
20.479616 3.464231
19.992352 3.452511
19.514832 3.435259
19.075407 3.417969
18.626241 3.409185
18.158128 3.392239
17.699465 3.367043
17.221671 3.347445
16.734260 3.339291
16.237446 3.331366
15.740665 3.334818
15.253337 3.346834
14.794783 3.344002
14.364961 3.342466
13.953933 3.343697
13.581356 3.339748
13.247022 3.331890
12.941250 3.327932
12.654641 3.324461
12.386988 3.313313
12.138540 3.310347
11.908995 3.308840
11.660499 3.301468
11.430936 3.286057
11.191780 3.269987
10.943323 3.248987
10.685206 3.237009
10.426985 3.239098
10.149438 3.235579
9.872046 3.244696
9.604080 3.246231
9.326593 3.251457
9.058681 3.243065
8.809882 3.240032
8.560791 3.235664
8.330995 3.222647
8.101395 3.215771
7.890401 3.206406
7.689389 3.184843
7.507186 3.163443
7.315421 3.148937
7.142772 3.124542
6.960678 3.098278
6.788035 3.080082
6.615541 3.060398
6.433409 3.032236
6.260931 3.015947
6.078570 3.007298
5.896369 2.998161
5.733439 2.992315
5.580076 2.992554
5.435806 2.993603
5.292124 2.975082
5.167310 2.965202
5.052126 2.961445
4.936700 2.947197
4.840747 2.929230
4.744441 2.900190
4.648263 2.873535
4.561723 2.830267
4.475072 2.813911
4.397890 2.795696
4.320938 2.754841
4.224869 2.729111
4.128797 2.716494
4.032910 2.691965
3.946651 2.673731
3.850671 2.654066
3.745380 2.647514
3.649703 2.643452
3.554076 2.631407
3.468043 2.627134
3.382133 2.622480
3.296040 2.616224
3.219538 2.611570
3.143290 2.589188
3.086192 2.575655
3.019434 2.584333
2.962360 2.573280
2.895800 2.556105
2.857895 2.558851
2.800828 2.552691
2.753473 2.555799
2.715562 2.557230
2.677265 2.554960
2.649341 2.560749
2.611185 2.553978
2.582698 2.535172
2.554473 2.524996
2.516491 2.495928
2.497727 2.492495
2.459635 2.491035
2.431224 2.473364
2.393175 2.463846
2.354896 2.450304
2.326476 2.419777
2.297866 2.411680
2.269428 2.421675
2.230970 2.417898
2.192889 2.408657
2.164307 2.403831
2.125974 2.399511
2.088097 2.375917
2.049664 2.351513
2.011043 2.318316
1.963706 2.282038
1.925332 2.254028
1.886834 2.237844
1.819827 2.213840
1.791324 2.175312
1.743468 2.145967
1.695594 2.132578
1.647560 2.123165
1.619032 2.112350
1.580858 2.100401
1.542691 2.098379
1.523464 2.078466
1.504504 2.081461
1.466195 2.063313
1.437501 2.031498
1.427930 2.021990
1.389897 1.999760
1.370974 1.980753
1.351978 1.960859
1.323513 1.945534
1.304398 1.902332
1.285560 1.887522
1.266515 1.904163
1.257058 1.906738
1.247698 1.913786
1.247922 1.926050
1.238289 1.937971
1.228845 1.933613
1.238491 1.934090
1.229275 1.955891
1.229216 1.956787
1.220066 1.955357
1.229585 1.960011
1.229702 1.960201
1.229873 1.954050
1.220359 1.958332
1.220717 1.963015
1.220794 1.941528
1.220835 1.915846
1.220787 1.910076
1.211460 1.859798
1.201722 1.806927
1.182713 1.810026
1.163572 1.805820
1.153961 1.735249
1.135107 1.753445
1.116083 1.728678
1.106589 1.730461
1.097170 1.713858
1.058658 1.698074
1.039697 1.618176
1.020779 1.568460
0.992048 1.579752
0.963369 1.473522
0.934835 1.406746
0.925370 1.336460
0.896746 1.326427
0.868126 1.211205
0.848904 1.124868
0.829996 0.993223
0.801318 0.941172
0.791702 0.788403
0.772550 0.630169
0.743883 0.528755
0.724827 0.414371
0.705716 0.291557
0.686601 0.222187
0.667658 0.158796
0.648659 0.091105
0.629383 0.109568
0.600909 0.083618
0.591521 0.000000
0.562854 0.000668
0.534261 0.001545
0.534271 0.000000
0.524874 0.000315
0.515225 0.007553
0.496436 0.000000
0.477269 0.000000
0.467646 0.007830
0.457997 0.000000
0.438916 0.000000
0.419827 0.000782
0.400675 0.001364
0.400794 0.000000
0.391316 0.000334
0.372251 0.007381
0.362757 0.000000
0.353056 0.000000
0.343621 0.008030
0.333910 0.000000
0.324394 0.000000
0.324384 0.000830
0.314844 0.001211
0.314781 0.000000
0.314684 0.000362
0.314737 0.007210
0.314763 0.000000
0.324261 0.000000
0.324349 0.008259
0.333740 0.000000
0.333714 0.000000
0.333737 0.000963
0.343198 0.001011
0.352931 0.000000
0.353049 0.000305
0.362399 0.007038
0.362579 0.000000
0.352884 0.000000
0.352974 0.008459
0.333960 0.000000
0.343501 0.000000
0.352989 0.001068
0.343213 0.000916
0.352946 0.000000
0.352925 0.000305
0.352925 0.006886
0.352787 0.000000
0.362329 0.000000
0.352754 0.008612
0.343336 0.000000
0.353021 0.000000
0.353085 0.001202
0.352962 0.000772
0.352940 0.000000
0.353026 0.000286
0.352839 0.006695
0.343510 0.000000
0.343714 0.000000
0.343580 0.008736
0.333990 0.000000
0.324481 0.000000
0.324219 0.001354
0.314850 0.000629
0.314806 0.000000
0.314775 0.000286
0.305045 0.006495
0.305136 0.000000
0.295685 0.000000
0.305014 0.008841
0.295542 0.000000
0.295638 0.000000
0.286031 0.001526
0.285999 0.000544
0.286154 0.000000
0.285910 0.000296
0.276469 0.006285
0.286102 0.000000
0.286246 0.000000
0.276646 0.008898
0.286246 0.000000
0.286310 0.000000
0.286197 0.001707
0.286167 0.000429
0.286369 0.000000
0.286175 0.000296
0.286266 0.006075
0.276789 0.000000
0.276735 0.000000
0.267215 0.009022
0.257647 0.000000
0.267350 0.000000
0.267280 0.001879
0.257808 0.000305
0.257846 0.000000
0.000000 0.165281
0.009358 0.157833
0.009622 0.166273
0.000000 0.167990
0.000000 0.159836
0.000000 0.166016
0.000000 0.173521
0.000000 0.165281
0.000000 0.163250
0.000000 0.172014
0.000000 0.165119
0.000000 0.157766
0.000000 0.166025
0.000000 0.167513
0.000000 0.159397
0.000000 0.165844
0.000000 0.173244
0.000000 0.165138
0.000000 0.163326
0.000000 0.172338
0.000000 0.165243
0.000000 0.158110
0.000000 0.166407
0.000000 0.167665
0.000000 0.160065
0.000000 0.166950
0.000000 0.174046
0.000000 0.165939
0.000000 0.164804
0.000000 0.173960
0.000000 0.166788
0.000000 0.159760
0.000000 0.167971
0.000000 0.169077
0.000000 0.161486
0.000000 0.168352
0.000000 0.175629
0.000000 0.167627
0.000000 0.166121
0.000000 0.175257
0.000000 0.167599
0.000000 0.160675
0.000000 0.168839
0.000000 0.169697
0.000000 0.161276
0.000000 0.168324
0.000000 0.175133
0.000000 0.167017
0.000000 0.165796
0.000000 0.174818
0.000000 0.166998
0.000000 0.160122
0.000000 0.168219
0.000000 0.168753
0.000000 0.160236
0.000000 0.167704
0.000000 0.174398
0.000000 0.166521
0.000000 0.165577
0.000000 0.174961
0.000000 0.166759
0.000000 0.159912
0.000000 0.167818
0.000000 0.168200
0.000000 0.159731
0.000000 0.167465
0.000000 0.174198
0.000000 0.166168
0.000000 0.165386
0.000000 0.174723
0.000000 0.166426
0.000000 0.159864
0.000000 0.167999
0.000000 0.168142
0.000000 0.159492
0.000000 0.167418
0.000000 0.173950
0.000000 0.166130
0.000000 0.165586
0.000000 0.174923
0.000000 0.166597
0.000000 0.160160
0.000000 0.167942
0.000000 0.167875
0.000000 0.159349
0.000000 0.167465
0.000000 0.173731
0.000000 0.166016
0.000000 0.165567
0.000000 0.174828
0.000000 0.166264
0.000000 0.160017
0.000000 0.167913
0.000000 0.167694
0.000000 0.159168
0.000000 0.167475
0.000000 0.173559
0.000000 0.166130
0.000000 0.165520
0.000000 0.175123
0.000000 0.166626
0.000000 0.160360
0.000000 0.168095
0.000000 0.167608
0.000000 0.158844
0.000000 0.167170
0.000000 0.173492
0.000000 0.166225
0.000000 0.165949
0.000000 0.175247
0.000000 0.166492
0.000000 0.160303
0.000000 0.167904
0.000000 0.167465
0.000000 0.159073
0.000000 0.167542
0.000000 0.173502
0.000000 0.166159
0.000000 0.166216
0.000000 0.175467
0.000000 0.166616
0.000000 0.160666
0.000000 0.167942
0.000000 0.167503
0.000000 0.158939
0.000000 0.167398
0.000000 0.173006
0.000000 0.165615
0.000000 0.166082
0.000000 0.175209
0.000000 0.166302
0.000000 0.160532
0.000000 0.168200
0.000000 0.167112
0.000000 0.158243
0.000000 0.166922
0.000000 0.172358
0.000000 0.165205
0.000000 0.165834
0.000000 0.174961
0.000000 0.166016
0.000000 0.160522
0.000000 0.168390
0.000000 0.166979
0.000000 0.158243
0.000000 0.166960
0.000000 0.172281
0.000000 0.165138
0.000000 0.167732
0.000000 0.179195
0.000000 0.171452
0.000000 0.172272
0.000000 0.183296
0.000000 0.183716
0.000000 0.179825
0.000000 0.195274
0.000000 0.208511
0.000000 0.213079
0.000000 0.229902
0.000000 0.252914
0.000000 0.257511
0.000000 0.252657
0.000000 0.265789
0.000000 0.267096
0.028065 0.261850
0.066113 0.270004
0.094812 0.269718
0.113931 0.259209
0.151977 0.258770
0.161485 0.258179
0.171187 0.242977
0.199682 0.234280
0.199640 0.241776
0.199701 0.240002
0.199734 0.236216
0.209133 0.252380
0.199534 0.261459
0.199579 0.264263
0.199582 0.269566
0.218546 0.280714
0.228168 0.279560
0.237613 0.414791
0.247422 0.626841
0.275904 0.733376
0.304516 0.909319
0.342618 0.970135
0.361605 1.059847
0.399920 1.108856
0.457481 1.148386
0.495405 1.254730
0.543444 1.279411
0.581444 1.280832
0.629011 1.343699
0.676806 1.434565
0.715122 1.501474
0.753393 1.590595
0.791705 1.653709
0.839429 1.660604
0.896758 1.732235
0.935040 1.843443
0.982865 1.878567
1.049609 1.881409
1.107039 1.936436
1.173957 1.954527
1.231538 1.977196
1.298370 2.050371
1.355666 2.038774
1.432190 2.087240
1.508683 2.124586
1.556254 2.152433
1.633009 2.218456
1.709554 2.222157
1.776392 2.243729
1.852713 2.263365
1.929457 2.300234
1.996541 2.325706
2.073107 2.346926
2.159254 2.360954
2.245272 2.383509
2.321904 2.414522
2.408231 2.447920
2.494233 2.460442
2.589761 2.477818
2.695295 2.494202
2.800663 2.512722
2.905897 2.528944
3.011180 2.538414
3.116887 2.544012
3.222208 2.556438
3.327404 2.584324
3.432782 2.587881
3.538153 2.598019
3.643344 2.625055
3.748804 2.630968
3.882749 2.645178
3.988160 2.663336
4.103134 2.682276
4.237314 2.695923
4.361858 2.715149
4.495764 2.735796
4.629816 2.750511
4.763859 2.764902
4.907602 2.782860
5.051163 2.806997
5.214154 2.813644
5.376723 2.836294
5.539742 2.857761
5.721639 2.869530
5.894008 2.883911
6.066417 2.902546
6.238933 2.904682
6.420752 2.916412
6.593236 2.925720
6.775355 2.935286
6.957058 2.943783
7.129324 2.959642
7.311280 2.971487
7.483625 2.988987
7.646286 3.007507
7.808780 3.009205
7.971338 3.023529
8.134154 3.034878
8.316079 3.048210
8.488090 3.059158
8.670121 3.064861
8.861582 3.075628
9.024408 3.077765
9.206141 3.085680
9.388024 3.091679
9.551040 3.092899
9.713796 3.097725
9.895748 3.098612
10.058635 3.111715
10.231186 3.121710
10.413232 3.130722
10.595028 3.132219
10.786192 3.143177
10.977780 3.153591
11.178736 3.168163
11.389092 3.180084
11.599504 3.182364
11.829149 3.191967
12.048860 3.200121
12.269054 3.205366
12.489005 3.214703
12.699246 3.222866
12.909643 3.230162
13.110814 3.237772
13.292271 3.244877
13.464483 3.252573
13.636812 3.260002
13.809223 3.265200
13.971891 3.272829
14.134690 3.282385
14.288049 3.284512
14.440913 3.295660
14.584827 3.314333
14.747832 3.324852
14.900795 3.336926
15.063486 3.345022
15.226300 3.350697
15.398714 3.360424
15.590051 3.372974
15.771736 3.375397
15.972887 3.381033
16.183394 3.395519
16.393774 3.404274
16.594738 3.413868
16.824274 3.426552
17.024993 3.438616
17.225792 3.449926
17.445740 3.465948
17.646404 3.480434
17.856974 3.490381
18.047970 3.498793
18.248392 3.508253
18.439239 3.518076
18.630137 3.526297
18.839898 3.536644
19.021139 3.544970
19.211873 3.549652
19.411997 3.552141
19.612139 3.555708
19.793404 3.554802
19.993437 3.547087
20.174743 3.540668
20.346482 3.532753
20.527961 3.517160
20.700095 3.512707
20.862570 3.502245
21.035038 3.493290
21.207437 3.487816
21.360857 3.491096
21.524074 3.493595
21.677843 3.492165
21.831477 3.496981
21.994742 3.498602
22.139014 3.498096
22.292399 3.501396
22.446107 3.505917
22.618954 3.507595
22.791441 3.509760
22.954425 3.514872
23.127120 3.515816
23.299455 3.521786
23.462244 3.533077
23.634627 3.534126
23.787688 3.533421
23.959907 3.535013
24.112820 3.537807
24.285016 3.537149
24.447652 3.535738
24.610266 3.538208
24.772820 3.531218
24.954561 3.523846
25.116996 3.523712
25.308384 3.524876
25.509449 3.524628
25.719700 3.527937
25.929933 3.532534
26.140488 3.532801
26.370116 3.534880
26.570612 3.538752
26.761980 3.539858
26.953185 3.540401
27.144416 3.544588
27.325888 3.543720
27.478591 3.540373
27.631363 3.522110
27.774796 3.518476
27.908824 3.513803
28.061954 3.511267
28.186462 3.513565
28.330219 3.512602
28.483454 3.509970
28.617551 3.515272
28.761246 3.515282
28.905034 3.512802
29.038904 3.518543
29.191775 3.521404
29.345175 3.518438
29.507612 3.517838
29.679686 3.521500
29.841977 3.518696
30.014325 3.515034
30.176764 3.517132
30.348753 3.517170
30.520994 3.515511
30.673943 3.516979
30.836812 3.519812
30.989948 3.523102
31.152670 3.523798
31.315431 3.529577
31.468706 3.530178
31.621727 3.530684
31.755459 3.536158
31.879701 3.538494
32.013249 3.541832
32.156602 3.545036
32.280473 3.552256
32.404354 3.552532
32.556829 3.552074
32.690272 3.552961
32.814142 3.550463
32.947401 3.548231
33.080936 3.549395
33.214643 3.548307
33.348199 3.547783
33.501056 3.557148
33.644480 3.560114
33.816457 3.557053
33.988656 3.553810
34.170328 3.555956
34.371377 3.551645
34.572215 3.548250
34.754204 3.543062
34.954752 3.539648
35.146341 3.536816
35.318383 3.538704
35.499842 3.541088
35.662595 3.536682
35.815346 3.534975
35.977787 3.536339
36.149676 3.530502
36.311925 3.530273
36.493396 3.525496
36.665364 3.525295
36.846979 3.526192
37.047753 3.531065
37.248449 3.533869
37.449115 3.533535
37.630902 3.537388
37.812953 3.545694
37.975372 3.544559
38.147801 3.546820
38.291072 3.551111
38.444151 3.552341
38.597408 3.551321
38.740843 3.553152
38.884269 3.554497
39.008516 3.551960
39.152019 3.548527
39.276280 3.545446
39.410323 3.539972
39.534751 3.536682
39.668815 3.538580
39.793328 3.539829
39.908365 3.538370
40.033047 3.540239
40.119437 3.541555
40.196072 3.540392
40.272732 3.540573
40.320306 3.543787
40.368191 3.539438
40.425490 3.532801
40.472962 3.526535
40.520618 3.514709
40.577679 3.506937
40.634818 3.501768
40.691703 3.497839
40.739398 3.490257
40.796512 3.490772
40.853593 3.492556
40.910812 3.488102
40.958564 3.483496
41.015600 3.478060
41.063507 3.463678
41.092196 3.453627
41.130712 3.450480
41.140738 3.440199
41.160282 3.417902
41.160928 3.386345
41.151973 3.351603
41.153082 3.318806
41.144271 3.294811
41.126475 3.283854
41.099135 3.278265
41.071755 3.276653
41.034882 3.285036
40.997778 3.288813
40.960760 3.287458
40.942978 3.289042
40.905873 3.292999
40.887811 3.296490
40.879308 3.293495
40.879938 3.293324
40.880877 3.296270
40.900789 3.296824
40.920795 3.300781
40.940801 3.303232
40.979903 3.308182
41.008787 3.315563
41.028536 3.329487
41.076677 3.342590
41.134774 3.347712
41.172831 3.352833
41.258671 3.358355
41.335192 3.363895
41.421017 3.377733
41.516026 3.383503
41.611444 3.384647
41.706545 3.386841
41.772864 3.392754
41.848636 3.392916
41.914988 3.393068
41.971944 3.398409
42.028589 3.403387
42.076222 3.402433
42.123722 3.404913
42.171130 3.410645
42.218747 3.410873
42.294590 3.413410
42.361307 3.417673
42.437427 3.418064
42.513602 3.421316
42.599520 3.432493
42.675961 3.434515
42.752241 3.438530
42.828551 3.452158
42.914344 3.467941
42.990740 3.478918
43.076447 3.502359
43.133314 3.525696
43.190660 3.546085
43.247629 3.561840
43.304590 3.590069
43.351490 3.605089
43.398646 3.616047
43.435982 3.631144
43.473388 3.640614
43.520132 3.643579
43.557378 3.649206
43.575787 3.653374
43.622958 3.651133
43.660600 3.650980
43.697939 3.650875
43.726373 3.648100
43.745265 3.641901
43.773760 3.638897
43.773636 3.637228
43.773619 3.632259
43.764138 3.629942
43.716482 3.624706
43.659362 3.617172
43.573640 3.599033
43.497229 3.581944
43.392335 3.568945
43.278105 3.557100
43.144662 3.549957
43.011137 3.543758
42.868321 3.534908
42.706242 3.534679
42.534531 3.535604
42.362916 3.531904
42.172273 3.530598
41.981457 3.534145
41.771211 3.535461
41.532265 3.537560
41.293287 3.545971
41.044436 3.552294
40.766933 3.555336
40.479701 3.559771
40.173011 3.567591
39.866360 3.567181
39.549956 3.569822
39.214342 3.575659
38.878629 3.576994
38.533237 3.579979
38.197117 3.589563
37.851619 3.598032
37.506263 3.597498
37.170239 3.597584
36.824646 3.596449
36.488604 3.591728
36.152731 3.586540
35.797741 3.580704
35.461841 3.572426
35.126526 3.561487
34.800219 3.556805
34.474621 3.551426
34.149079 3.540363
33.833271 3.534622
33.526890 3.533516
33.211366 3.529968
32.905363 3.528690
32.599325 3.530445
32.293355 3.534575
32.016353 3.534107
31.710562 3.535976
31.414433 3.534069
31.127818 3.531351
30.860301 3.532515
30.583355 3.534164
30.316119 3.534794
30.067915 3.533707
29.829262 3.537788
29.590826 3.534784
29.380857 3.531828
29.161499 3.532925
28.961108 3.534985
28.770492 3.531399
28.589425 3.529139
28.389146 3.525705
28.207855 3.517113
27.998211 3.512020
27.778504 3.509388
27.539717 3.503723
27.291431 3.500042
27.014004 3.494749
26.746124 3.490467
26.459352 3.483124
26.191282 3.476496
25.894485 3.470783
25.607791 3.459320
25.329891 3.449278
25.051996 3.438816
24.755174 3.423996
24.449009 3.409433
24.152197 3.399401
23.836066 3.388844
23.510746 3.365698
23.175583 3.352499
22.811868 3.334894
22.438577 3.322010
22.055917 3.306303
21.663409 3.299017
21.242384 3.282976
20.840386 3.273315
20.428810 3.264465
20.026896 3.255472
19.644429 3.249378
19.290319 3.244095
18.946060 3.239746
18.630448 3.231173
18.334035 3.219976
18.056680 3.216076
17.789250 3.208094
17.540784 3.191395
17.292159 3.178253
17.034352 3.164778
16.786046 3.138456
16.518872 3.127775
16.260875 3.121967
15.993636 3.110485
15.716737 3.105583
15.449124 3.113470
15.181885 3.116503
14.933654 3.114405
14.694831 3.119459
14.475091 3.115921
14.284159 3.107090
14.092949 3.096123
13.911437 3.100471
13.739372 3.095379
13.567173 3.090563
13.385372 3.091288
13.193916 3.084679
13.002361 3.077974
12.810760 3.062458
12.590500 3.041191
12.350994 3.021622
12.092175 3.009987
11.833373 3.006935
11.555813 3.015041
11.287497 3.013449
10.999946 3.010092
10.712235 3.015985
10.453645 3.011703
10.185239 3.007479
9.936069 3.008108
9.696382 2.993851
9.475436 2.995243
9.245366 2.991734
9.034389 2.970581
8.823236 2.957621
8.602862 2.930012
8.391784 2.912979
8.190483 2.898340
7.960583 2.890024
7.749422 2.866354
7.528993 2.852859
7.308407 2.855253
7.069024 2.845068
6.858068 2.844801
6.647077 2.846508
6.455499 2.853832
6.263790 2.847557
6.100770 2.841797
5.947333 2.832613
5.803681 2.830687
5.659959 2.823696
5.535463 2.824917
5.391817 2.820311
5.276971 2.804213
5.162103 2.782907
5.047118 2.774649
4.932245 2.728786
4.817308 2.704554
4.702499 2.687817
4.568667 2.687502
4.453852 2.643623
4.329395 2.624130
4.214651 2.589130
4.090154 2.574244
3.966062 2.557354
3.822372 2.553740
3.698267 2.544012
3.573942 2.549610
3.459263 2.553387
3.335024 2.534828
3.248825 2.537270
3.162832 2.543058
3.086432 2.513475
3.029134 2.507067
2.981362 2.512732
2.924216 2.485380
2.857408 2.435331
2.819513 2.404146
2.781379 2.385187
2.724131 2.373409
2.676533 2.359905
2.619112 2.352877
2.561946 2.362604
2.514355 2.343349
2.457214 2.357244
2.409299 2.345333
2.361778 2.330332
2.323638 2.304935
2.275728 2.275639
2.237390 2.253180
2.189815 2.231112
2.151444 2.224903
2.103763 2.207851
2.065574 2.173567
2.027521 2.150803
1.979768 2.135887
1.931725 2.073669
1.884321 2.044058
1.826959 2.031889
1.769598 2.014732
1.712412 1.981020
1.664640 1.983128
1.607152 1.971760
1.549858 1.964941
1.502214 1.956577
1.454516 1.956358
1.397172 1.946907
1.368890 1.952858
1.321118 1.976147
1.282872 1.973820
1.254647 1.957407
1.235587 1.948280
1.207032 1.941986
1.188297 1.926804
1.169209 1.888628
1.140658 1.851568
1.131332 1.824455
1.112415 1.795931
1.093159 1.747408
1.064564 1.731977
1.045598 1.706753
1.016839 1.695061
0.988113 1.668634
0.969265 1.649837
0.949969 1.631126
0.911844 1.629181
0.902468 1.614399
0.883397 1.585159
0.864382 1.592636
0.854890 1.561737
0.836019 1.537580
0.835875 1.526985
0.807469 1.491385
0.807192 1.479969
0.797918 1.466074
0.778885 1.426611
0.769035 1.353340
0.750059 1.381073
0.730816 1.291971
0.721376 1.265879
0.682905 1.233931
0.683081 1.195946
0.654388 1.203623
0.644765 1.132498
0.616020 1.085606
0.577617 1.098700
0.558626 1.019468
0.530093 0.970039
0.510961 0.913191
0.472930 0.881910
0.472696 0.819302
0.444188 0.784302
0.415152 0.748672
0.405686 0.717802
0.386652 0.678139
0.367660 0.624352
0.358006 0.617561
0.348695 0.537081
0.329738 0.488749
0.320098 0.414762
0.301019 0.363073
0.282196 0.302935
0.263216 0.265179
0.253835 0.243025
0.244405 0.214500
0.225364 0.240927
0.215823 0.282478
0.206364 0.305099
0.196755 0.347576
0.187268 0.378752
0.177896 0.443964
0.168290 0.501995
0.168461 0.519257
0.158786 0.504217
0.168493 0.471601
0.168306 0.411263
0.177874 0.269794
0.187480 0.172205
0.177816 0.166159
0.168279 0.072098
0.177890 0.060349
0.177629 0.000401
0.168039 0.005035
0.158620 0.000000
0.158449 0.000000
0.149040 0.007982
0.139548 0.000000
0.120433 0.000000
0.110757 0.001974
0.091605 0.000019
0.082217 0.000000
0.062989 0.000353
0.034452 0.004950
0.015513 0.000000
0.006039 0.000000
0.000000 0.008144
0.000000 0.000000
0.000000 0.000000
0.000000 0.002155
0.000000 0.000000
0.000000 0.000000
0.000000 0.000324
0.000000 0.004816
0.000000 0.000000
0.000000 0.000000
0.000000 0.008173
0.000000 0.000000
0.000000 0.000000
0.000000 0.002451
0.000000 0.000000
0.000000 0.000000
0.000000 0.000391
0.000000 0.004606
0.000000 0.000000
0.000000 0.000000
0.000000 0.008221
0.000000 0.000000
0.000000 0.000000
0.000000 0.002613
0.000000 0.000000
0.000000 0.000000
0.000000 0.000343
0.000000 0.004425
0.000000 0.000000
0.000000 0.000000
0.000000 0.008154
0.000000 0.000000
0.000000 0.000000
0.000000 0.002823
0.000000 0.000000
0.000000 0.000000
0.000000 0.000334
0.000000 0.004253
0.000000 0.000000
0.000000 0.000000
0.000000 0.008106
0.000000 0.000000
0.000000 0.000000
0.000000 0.003023
0.000000 0.000000
0.000000 0.000000
0.000000 0.000305
0.000000 0.004072
0.000000 0.000000
0.000000 0.000000
0.000000 0.008078
0.000000 0.000000
0.000000 0.000000
0.000000 0.003290
0.000000 0.000000
0.000000 0.000000
0.000000 0.000324
0.000000 0.003881
0.000000 0.000000
0.000000 0.000038
0.000000 0.008011
0.000000 0.000000
0.000000 0.000000
0.000000 0.003481
0.000000 0.000000
0.000000 0.000000
0.000000 0.000315
0.000000 0.003681
0.000000 0.000000
0.000000 0.000086
0.000000 0.007973
0.000000 0.000000
0.000000 0.000000
0.000000 0.003815
0.000000 0.000000
0.000000 0.000000
0.000000 0.000315
0.000000 0.003672
0.000000 0.000000
0.000000 0.000124
0.000000 0.008287
0.000000 0.000000
0.000000 0.000000
0.000000 0.004206
0.000000 0.000000
0.000000 0.000000
0.000000 0.000381
0.000000 0.003405
0.000000 0.000000
0.000000 0.000134
