0.000000 0.005932
0.000000 0.000000
0.009488 0.000000
0.009400 0.010242
0.019011 0.000000
0.028490 0.000000
0.028456 0.003119
0.037994 0.000000
0.028713 0.000000
0.019044 0.000591
0.028672 0.005732
0.019247 0.000000
0.019227 0.000000
0.009620 0.010262
0.019263 0.000000
0.028640 0.000000
0.019007 0.003405
0.009451 0.000000
0.018948 0.000000
0.018825 0.000601
0.000000 0.005522
0.000000 0.000000
0.000000 0.000000
0.000000 0.010233
0.000000 0.000000
0.000000 0.000000
0.000000 0.003586
0.009333 0.000000
0.009288 0.000000
0.018905 0.000601
0.009269 0.005341
0.018953 0.000000
0.028635 0.000000
0.037984 0.010214
0.057263 0.000000
0.057338 0.000000
0.057156 0.003815
0.066806 0.000000
0.057059 0.000000
0.057156 0.000601
0.057131 0.005093
0.066585 0.000000
0.066556 0.000000
0.056963 0.010147
0.047202 0.000000
0.047412 0.000000
0.047299 0.004063
0.028180 0.000000
0.018556 0.000000
0.008933 0.000610
0.000000 0.004883
0.000000 0.000000
0.000000 0.000038
0.000000 0.010071
0.000000 0.000000
0.000000 0.000000
0.000000 0.004282
0.000000 0.000000
0.000000 0.000000
0.000000 0.000610
0.000000 0.004683
0.000000 0.000000
0.000000 0.000105
0.000000 0.010014
0.000000 0.000000
0.000000 0.000000
0.000000 0.004559
0.000000 0.000000
0.000000 0.000000
0.000000 0.000620
0.000000 0.004454
0.000000 0.000000
0.000000 0.000172
0.000000 0.009937
0.000000 0.000000
0.000000 0.000000
0.000000 0.004854
0.000000 0.000000
0.000000 0.000000
0.000000 0.000639
0.000000 0.004272
0.000000 0.000000
0.000000 0.000200
0.000000 0.009918
0.000000 0.000000
0.000000 0.000000
0.000000 0.005045
0.000000 0.000000
0.000000 0.000000
0.000000 0.000639
0.000000 0.004101
0.000000 0.000000
0.000000 0.000267
0.000000 0.009890
0.000000 0.000000
0.000000 0.000000
0.000000 0.005360
0.000000 0.000000
0.000000 0.000000
0.000000 0.000658
0.000000 0.003901
0.000000 0.000000
0.000000 0.000296
0.000000 0.009823
0.000000 0.000000
0.000000 0.000000
0.000000 0.005636
0.000000 0.000000
0.000000 0.000000
0.000000 0.000658
0.000000 0.003748
0.000000 0.000000
0.000000 0.000296
0.000000 0.009727
0.000000 0.000000
0.000000 0.000000
0.000000 0.005846
0.000000 0.000000
0.000000 0.000000
0.000000 0.000677
0.000000 0.003557
0.000000 0.000000
0.000000 0.000391
0.000000 0.009670
0.000000 0.000000
0.000000 0.000000
0.000000 0.006189
0.000000 0.000000
0.000000 0.000000
0.000000 0.000687
0.000000 0.003338
0.000000 0.000000
0.000000 0.000381
0.000000 0.009594
0.000000 0.000000
0.000000 0.000000
0.000000 0.006409
0.000000 0.000000
0.000000 0.000000
0.000000 0.000715
0.000000 0.003157
0.000000 0.000000
0.000000 0.000429
0.000000 0.009499
0.000000 0.000000
0.000000 0.000000
0.000000 0.006676
0.000000 0.000000
0.000000 0.000000
0.000000 0.000725
0.000000 0.002975
0.000000 0.000000
0.000000 0.000439
0.000000 0.009403
0.000000 0.000000
0.000000 0.000000
0.000000 0.006952
0.000000 0.000000
0.000000 0.000000
0.000000 0.000744
0.000000 0.002823
0.000000 0.000000
0.000000 0.000439
0.000000 0.009356
0.000000 0.000000
0.000000 0.000000
0.000000 0.007229
0.000000 0.000000
0.000000 0.000000
0.000000 0.000782
0.000000 0.002632
0.000000 0.000000
0.000000 0.000505
0.000000 0.009298
0.000000 0.000000
0.000000 0.000000
0.000000 0.007524
0.000000 0.000000
0.000000 0.000000
0.000000 0.000801
0.000000 0.002480
0.000000 0.000000
0.000000 0.000515
0.000000 0.009165
0.000000 0.000000
0.000000 0.000000
0.000000 0.007734
0.000000 0.000000
0.000000 0.000000
0.000000 0.000839
0.000000 0.002337
0.000000 0.000000
0.000000 0.000525
0.000000 0.009069
0.000000 0.000000
0.000000 0.000000
0.000000 0.007982
0.000000 0.000000
0.000000 0.000000
0.000000 0.000877
0.000000 0.002127
0.000000 0.000000
0.000000 0.000553
0.000000 0.008926
0.000000 0.000000
0.000000 0.000000
0.000000 0.008221
0.000000 0.000000
0.000000 0.000000
0.000000 0.000925
0.000000 0.001955
0.000000 0.000000
0.000000 0.000534
0.000000 0.008802
0.000000 0.000000
0.000000 0.000000
0.000000 0.008430
0.000000 0.000000
0.000000 0.000000
0.000000 0.000973
0.000000 0.001812
0.000000 0.000000
0.000000 0.000544
0.000000 0.008688
0.000000 0.000000
0.000000 0.000000
0.000000 0.008650
0.000000 0.000000
0.000000 0.000000
0.000000 0.001020
0.000000 0.001602
0.000000 0.000000
0.000000 0.000563
0.000000 0.008516
0.000000 0.000000
0.000000 0.000000
0.000000 0.008879
0.000000 0.000000
0.009137 0.000000
0.018532 0.001087
0.008967 0.001478
0.018496 0.000000
0.028177 0.000582
0.018662 0.008392
0.018629 0.000000
0.018588 0.000000
0.018412 0.009041
0.009147 0.000000
0.018672 0.000000
0.009093 0.001163
0.009127 0.001316
0.009253 0.000000
0.018677 0.000572
0.018586 0.008249
0.018689 0.000000
0.018598 0.000000
0.018474 0.009232
0.027968 0.000000
0.028176 0.000000
0.018591 0.001230
0.018571 0.001154
0.028212 0.000000
0.028121 0.000572
0.028095 0.008049
0.018489 0.000000
0.027894 0.000000
0.008857 0.009384
0.018345 0.000000
0.018453 0.000000
0.027979 0.001326
0.056814 0.001040
0.075918 0.000000
0.094943 0.000591
0.114122 0.007915
0.142683 0.000000
0.180937 0.000000
0.199993 0.009556
0.219103 0.000000
0.238380 0.000000
0.266950 0.001440
0.276426 0.000935
0.286116 0.000000
0.295731 0.000582
0.305332 0.007992
0.334124 0.028925
0.362909 0.066328
0.381894 0.201092
0.420247 0.548010
0.448951 0.627909
0.487159 0.774088
0.515797 0.817776
0.554308 0.785332
0.592383 0.880070
0.640189 0.936480
0.678594 0.991793
0.735729 1.083059
0.773898 1.140165
0.831265 1.238518
0.888655 1.323109
0.955557 1.417303
1.013129 1.427803
1.080090 1.488285
1.166438 1.564980
1.233572 1.645279
1.300762 1.682310
1.377620 1.728573
1.454154 1.801920
1.512061 1.787987
1.588729 1.803274
1.665360 1.863642
1.722964 1.882772
1.799870 1.940374
1.857461 1.975164
1.924667 1.984892
1.992033 2.018347
2.059029 2.100973
2.126296 2.204714
2.193643 2.226963
2.280086 2.263021
2.356726 2.300978
2.443047 2.306156
2.519874 2.323217
2.606322 2.345076
2.682959 2.349157
2.759766 2.351637
2.817480 2.373552
2.894132 2.410202
2.970902 2.416706
3.038041 2.440548
3.076141 2.464323
3.124213 2.474680
3.182003 2.492867
3.239712 2.518349
3.278066 2.530375
3.326127 2.550611
3.383636 2.555990
3.421897 2.574100
3.469978 2.573891
3.517912 2.573061
3.575352 2.581682
3.594401 2.591858
3.661526 2.601290
3.709153 2.623549
3.776137 2.650938
3.824321 2.659960
3.910256 2.680721
3.948618 2.708406
4.015483 2.724791
4.092034 2.742567
4.177918 2.767658
4.245208 2.772398
4.340901 2.776356
4.417045 2.792587
4.493825 2.808046
4.570512 2.804432
4.656541 2.819166
4.733004 2.833567
4.809799 2.862854
4.895763 2.869682
4.972339 2.892523
5.058174 2.916660
5.163736 2.933578
5.259213 2.951078
5.373936 2.967491
5.479116 2.973051
5.593991 2.984247
5.718042 2.996292
5.851935 3.005409
5.975948 3.020458
6.109389 3.033590
6.233599 3.043318
6.367332 3.047304
6.481806 3.054714
6.605753 3.065252
6.710687 3.068533
6.805714 3.084955
6.920081 3.098955
7.024971 3.114109
7.149175 3.131933
7.272380 3.159399
7.415576 3.175459
7.548539 3.187609
7.700731 3.203478
7.862420 3.216038
8.033842 3.219690
8.195136 3.223143
8.375454 3.241587
8.546614 3.242216
8.708083 3.249121
8.878912 3.256626
9.002166 3.258753
9.173245 3.263359
9.305980 3.268700
9.438849 3.276863
9.562466 3.282928
9.685996 3.290863
9.800220 3.307753
9.924117 3.315573
10.048299 3.320494
10.172301 3.332548
10.287063 3.338718
10.430949 3.348846
10.564917 3.360996
10.698957 3.372984
10.842780 3.378477
11.005642 3.389387
11.158906 3.398523
11.321973 3.398800
11.475237 3.404236
11.637945 3.412418
11.800830 3.417063
11.963877 3.419285
12.135995 3.426199
12.279296 3.430204
12.432741 3.431721
12.576504 3.436804
12.710543 3.444920
12.834707 3.446760
12.959305 3.454123
13.083458 3.463326
13.207750 3.464794
13.341732 3.463402
13.465749 3.469276
13.580249 3.474789
13.704453 3.480406
13.828405 3.489056
13.980859 3.497820
14.123966 3.500929
14.286062 3.505945
14.448252 3.512554
14.619910 3.514004
14.791571 3.515034
14.953579 3.519211
15.096561 3.520451
15.249245 3.519278
15.363710 3.521986
15.477938 3.527412
15.573391 3.528032
15.678380 3.528881
15.773478 3.531809
15.888039 3.534403
15.983377 3.534107
16.088156 3.540640
16.183489 3.543949
16.297877 3.544731
16.393067 3.550091
16.516974 3.564425
16.631431 3.568249
16.746095 3.570986
16.879586 3.574953
16.994362 3.575306
17.099578 3.573790
17.204620 3.577156
17.281278 3.578320
17.357883 3.575659
17.415615 3.578806
17.463490 3.582144
17.502047 3.581161
17.531141 3.584356
17.569480 3.588867
17.617256 3.591471
17.674977 3.593225
17.741889 3.597679
17.818211 3.600006
17.923446 3.598967
18.009320 3.602266
18.095234 3.607225
18.190782 3.606768
18.295748 3.609200
18.400686 3.613882
18.486693 3.615017
18.581977 3.613825
18.677383 3.618040
18.763116 3.620481
18.849113 3.618288
18.925385 3.618574
18.991826 3.618851
19.030204 3.616056
19.058576 3.615208
19.077392 3.617802
19.058325 3.616161
19.048742 3.614855
19.019827 3.619537
18.991005 3.623781
18.962372 3.623333
18.943146 3.625708
18.952465 3.629465
18.962153 3.629427
18.990761 3.630705
19.057370 3.634872
19.124178 3.635960
19.210087 3.635359
19.295928 3.639889
19.372004 3.642282
19.467809 3.641834
19.563133 3.644905
19.649238 3.648748
19.716139 3.646984
19.802396 3.646574
19.869597 3.649845
19.927629 3.648109
19.966763 3.647614
20.015327 3.653288
20.054182 3.657789
20.103390 3.656950
20.161662 3.661661
20.220051 3.668365
20.307277 3.668747
20.384802 3.670139
20.490972 3.674212
20.577839 3.672743
20.683691 3.672037
20.780063 3.675976
20.885661 3.677568
20.972186 3.676176
21.058385 3.678293
21.163837 3.680820
21.230874 3.678455
21.297953 3.678055
21.345582 3.679905
21.354873 3.677320
21.364150 3.675461
21.354362 3.676987
21.335241 3.677778
21.296796 3.677311
21.267869 3.681145
21.229293 3.683338
21.219359 3.682346
21.228405 3.682919
21.227876 3.686895
21.255989 3.686447
21.274746 3.684835
21.312306 3.687391
21.359692 3.687391
21.388035 3.685064
21.406507 3.686733
21.434101 3.689556
21.453161 3.687687
21.452626 3.688202
21.480425 3.692732
21.508653 3.691273
21.546204 3.690195
21.602874 3.692827
21.650078 3.693657
21.697844 3.691874
21.764404 3.694506
21.792610 3.696966
21.849703 3.695030
21.878135 3.694916
21.916083 3.697786
21.954217 3.696127
21.992418 3.694954
22.030422 3.698425
22.058794 3.699532
22.125486 3.697453
22.163938 3.700438
22.220934 3.703136
22.259136 3.701153
22.297339 3.700781
22.316217 3.703880
22.335380 3.701115
22.344932 3.699160
22.344944 3.700600
22.345006 3.700266
22.326190 3.697872
22.307020 3.700123
22.259369 3.702240
22.221094 3.701067
22.183137 3.702974
22.164095 3.707352
22.145047 3.707161
22.164262 3.707867
22.192813 3.712530
22.230859 3.715515
22.307367 3.711739
22.393257 3.715506
22.498160 3.717728
22.612804 3.715687
22.736849 3.716021
22.832233 3.718081
22.918381 3.715067
23.004223 3.712931
23.070969 3.714705
23.099469 3.714705
23.108982 3.712759
23.108677 3.715410
23.108410 3.717546
23.079764 3.716202
23.079512 3.716373
23.040892 3.719101
23.031052 3.716927
23.021438 3.715572
23.001691 3.717737
23.010888 3.717852
23.000961 3.715620
22.990899 3.717909
22.980872 3.719807
22.970910 3.717451
22.951359 3.716068
22.922189 3.719015
22.893208 3.716917
22.864196 3.716574
22.825506 3.719416
22.806102 3.720102
22.777154 3.718157
22.776645 3.720131
22.757052 3.722086
22.766446 3.719883
22.766068 3.720245
22.775316 3.722963
22.803624 3.721046
22.803461 3.719921
22.812700 3.722582
22.841074 3.723154
22.850756 3.721075
22.888857 3.723450
22.907821 3.725243
22.955820 3.723316
23.003600 3.723211
23.013137 3.725872
23.051366 3.723307
23.089772 3.721714
23.108977 3.723984
23.128115 3.723364
23.147686 3.721113
23.147694 3.723316
23.147786 3.724718
23.129020 3.722401
23.090863 3.722429
23.052523 3.725023
22.995634 3.722153
22.938731 3.720322
22.871730 3.721695
22.786141 3.721113
22.700567 3.717756
22.614499 3.720055
22.509551 3.721771
22.414272 3.719931
22.328253 3.720484
22.242081 3.723173
22.156338 3.720436
22.089495 3.718634
22.022307 3.720722
21.936195 3.719110
21.869243 3.716698
21.802213 3.719664
21.744568 3.721838
21.687074 3.720036
21.648724 3.719883
21.590921 3.721485
21.543210 3.716602
21.485680 3.713312
21.437808 3.714628
21.361344 3.710546
21.304184 3.703938
21.218054 3.702049
21.103471 3.698854
20.979470 3.690004
20.845925 3.685589
20.654867 3.681450
20.464261 3.664017
20.254551 3.651657
19.997005 3.644619
19.710923 3.636284
19.415602 3.630753
19.081841 3.633070
18.738735 3.633690
18.405492 3.636198
18.081654 3.638191
17.758142 3.643389
17.473063 3.642616
17.216641 3.640308
16.979438 3.637438
16.751820 3.631105
16.562956 3.623829
16.364208 3.618708
16.175103 3.614187
15.976472 3.606234
15.796874 3.599892
15.607572 3.594570
15.408787 3.582439
15.209825 3.575344
15.000914 3.573933
14.782381 3.568392
14.544780 3.558559
14.325904 3.556137
14.078087 3.546944
13.830334 3.546820
13.582264 3.548899
13.343568 3.552551
13.114503 3.546743
12.904764 3.542728
12.703837 3.544626
12.531848 3.541470
12.359621 3.534908
12.216031 3.526621
12.062794 3.516989
11.919326 3.502979
11.765903 3.494854
11.612706 3.485470
11.468930 3.469849
11.306178 3.448048
11.143100 3.443642
10.970790 3.429842
10.807850 3.418493
10.635515 3.414688
10.472645 3.410444
10.310045 3.407335
10.156578 3.411274
9.993543 3.417625
9.859667 3.416271
9.754045 3.416348
9.619552 3.420000
9.533061 3.419189
9.446563 3.415823
9.388412 3.418322
9.330592 3.419399
9.291740 3.416557
9.262640 3.414192
9.223764 3.412437
9.185293 3.406696
9.156331 3.401117
9.108031 3.401728
9.050527 3.395786
9.021976 3.384151
8.954988 3.380203
8.888199 3.381224
8.821583 3.374777
8.764283 3.373594
8.697718 3.374920
8.621458 3.366041
8.554953 3.360434
8.487965 3.357658
8.431102 3.353386
8.354715 3.346500
8.297426 3.342705
8.230602 3.341856
8.173297 3.332987
8.116034 3.331280
8.039294 3.328123
7.982055 3.317423
7.905610 3.309307
7.819656 3.304358
7.743016 3.300991
7.666840 3.296509
7.590454 3.300714
7.504609 3.300543
7.428009 3.295040
7.351597 3.290215
7.284516 3.289948
7.217950 3.281040
7.160613 3.275547
7.093464 3.264885
7.026470 3.251371
6.949800 3.230276
6.891909 3.219395
6.814780 3.210325
6.737808 3.200846
6.660540 3.208714
6.583205 3.216543
6.505615 3.215504
6.447129 3.222589
6.397939 3.233166
6.348901 3.232670
6.328407 3.231401
6.307848 3.235483
6.296813 3.227100
6.295432 3.226385
6.303864 3.223009
6.302629 3.224659
6.291922 3.214159
6.281457 3.205814
6.251745 3.194141
6.203117 3.173466
6.183558 3.159246
6.125762 3.150654
6.049002 3.140631
5.991895 3.126230
5.915411 3.117008
5.839038 3.108339
5.744300 3.099375
5.668251 3.097963
5.573161 3.105373
5.507078 3.106117
5.421974 3.104076
5.346266 3.109179
5.289676 3.107014
5.233214 3.101912
5.186160 3.102703
5.148662 3.106842
5.120969 3.099709
5.093131 3.095913
5.055539 3.093739
5.027557 3.085155
4.999714 3.075876
4.971664 3.068619
4.934120 3.061247
4.887246 3.050699
4.839957 3.050470
4.802253 3.051443
4.755000 3.042231
4.717058 3.036299
4.669481 3.038874
4.631372 3.030615
4.602668 3.015022
4.564070 3.004675
4.516040 2.997046
4.496251 2.982378
4.476399 2.973680
4.436995 2.971573
4.407454 2.949429
4.386951 2.930326
4.347327 2.925310
4.317449 2.912884
4.268401 2.896452
4.219028 2.891693
4.179450 2.889099
4.111300 2.879820
4.052943 2.881899
3.994478 2.881184
3.936218 2.876139
3.877981 2.875948
3.829520 2.879629
3.762081 2.873898
3.723306 2.866096
3.675293 2.865677
3.636857 2.862482
3.589048 2.856798
3.531591 2.851515
3.493249 2.850122
3.445660 2.839813
3.417126 2.826586
3.369440 2.819166
3.331752 2.808695
3.284269 2.793903
3.236777 2.784729
3.208321 2.768726
3.170689 2.756042
3.132712 2.753639
3.085002 2.754831
3.056864 2.750177
3.018989 2.738752
2.980892 2.711277
2.952677 2.701054
2.933764 2.697687
2.905520 2.697115
2.876950 2.696753
2.858256 2.687941
2.848939 2.688379
2.829968 2.690248
2.820871 2.679148
2.811724 2.674170
2.802556 2.678356
2.783792 2.670088
2.774761 2.655668
2.765630 2.653446
2.766219 2.645798
2.738058 2.626209
2.719460 2.623358
2.700575 2.628469
2.682140 2.614365
2.692200 2.610712
2.654418 2.601128
2.654828 2.588511
2.645873 2.586880
2.636540 2.586079
2.608350 2.581043
2.599352 2.572298
2.590116 2.568464
2.561753 2.562675
2.543407 2.538776
2.543873 2.533331
2.505734 2.532978
2.477602 2.523603
2.458883 2.512579
2.439874 2.506514
2.401765 2.503977
2.383161 2.504063
2.364031 2.505827
2.335322 2.512474
2.306783 2.512608
2.278095 2.514429
2.268492 2.518377
2.259074 2.517595
2.240002 2.511187
2.211141 2.504482
2.211200 2.496691
2.201756 2.485304
2.182349 2.488337
2.172906 2.487040
2.173104 2.480307
2.163660 2.479591
2.163563 2.479506
2.163704 2.470388
2.183192 2.459879
2.183021 2.464638
2.192773 2.462835
2.183214 2.455349
2.183238 2.463560
2.173706 2.458372
2.173722 2.454128
2.173734 2.453651
2.173670 2.459135
2.163940 2.444382
2.164048 2.425442
2.163898 2.421503
2.163679 2.424622
2.154093 2.408571
2.154040 2.409172
2.134828 2.401323
2.134620 2.376766
2.115282 2.364569
2.115224 2.365036
2.095808 2.367821
2.095900 2.371387
2.076450 2.380762
2.037965 2.381268
2.057142 2.370129
2.037792 2.367735
2.027929 2.371693
2.018276 2.357903
2.008545 2.338610
1.989203 2.331562
1.969740 2.315121
1.950620 2.290926
1.931468 2.282839
1.921788 2.264452
1.902667 2.254305
1.883449 2.251291
1.854766 2.257710
1.835525 2.256546
1.844847 2.249069
1.816234 2.258091
1.797254 2.256594
1.787936 2.231026
1.778446 2.218599
1.768911 2.169790
1.749908 2.159719
1.740133 2.159357
1.730572 2.162313
1.721347 2.160988
1.702226 2.168884
1.702285 2.180605
1.702392 2.175360
1.692974 2.199364
1.683232 2.213335
1.683273 2.217798
1.693053 2.218580
1.693219 2.225113
1.702704 2.232838
1.712678 2.230930
1.722040 2.232647
1.731686 2.236176
1.741328 2.223597
1.751121 2.214766
1.751093 2.205944
1.750999 2.205315
1.751049 2.196951
1.750861 2.183933
1.741346 2.168970
1.741186 2.167225
1.731538 2.170601
1.721923 2.172747
1.712345 2.160234
1.712204 2.147999
1.692919 2.122698
1.683229 2.121000
1.673727 2.115746
1.664031 2.112865
1.654288 2.112665
1.644782 2.102766
1.625573 2.105055
1.615954 2.077255
1.616120 2.056303
1.597204 2.033558
1.587516 1.989164
1.578020 1.946211
1.549472 1.929684
1.539855 1.916018
1.511248 1.910973
1.501677 1.906710
1.492174 1.896544
1.463379 1.905746
1.434470 1.898661
1.415323 1.891804
1.405701 1.892462
1.386273 1.868391
1.376702 1.831398
1.366984 1.814947
1.338261 1.802158
1.319059 1.795807
1.290086 1.805153
1.299743 1.811666
1.290033 1.793890
1.280582 1.781521
1.270881 1.778889
1.251535 1.775980
1.251747 1.774817
1.242021 1.778135
1.241881 1.788464
1.232394 1.785402
1.222625 1.791210
1.213094 1.793480
1.213180 1.783724
1.213246 1.771030
1.213235 1.771250
1.222852 1.752214
1.213196 1.728935
1.222734 1.724377
1.222680 1.721134
1.232316 1.708126
1.241534 1.704626
1.222450 1.710167
1.222256 1.707277
1.231686 1.699800
1.222100 1.697378
1.222128 1.684265
1.202946 1.676798
1.193347 1.683102
1.193427 1.670723
1.174337 1.667948
1.174351 1.670532
1.155110 1.667128
1.145789 1.644621
1.155394 1.605616
1.136306 1.575050
1.117052 1.548367
1.117328 1.482086
1.107707 1.441927
1.088455 1.390018
1.078889 1.346102
1.069370 1.349754
1.059620 1.352777
1.050067 1.340046
1.040371 1.331320
1.030643 1.338320
1.011397 1.319418
1.001959 1.298723
0.982619 1.292009
0.963344 1.264324
0.953754 1.236324
0.943998 1.242704
0.924867 1.224518
0.905595 1.207390
0.895899 1.204166
0.886351 1.180611
0.857516 1.192455
0.857627 1.182728
0.828761 1.178961
0.819076 1.156893
0.799967 1.130228
0.790345 1.114397
0.780730 1.073112
0.761576 1.046953
0.752004 0.954094
0.742228 0.874939
0.732660 0.839567
0.713575 0.777273
0.684728 0.711069
0.656078 0.630131
0.637127 0.607977
0.627559 0.538120
0.589152 0.517645
0.551059 0.470953
0.531961 0.409155
0.512813 0.345917
0.474554 0.256176
0.445863 0.132408
0.426678 0.017271
0.388298 0.005226
0.350249 0.000000
0.311828 0.000381
0.283180 0.009871
0.254486 0.000000
0.206650 0.000000
0.177992 0.006094
0.139870 0.000000
0.120715 0.000000
0.082575 0.000763
0.063514 0.003538
0.034902 0.000000
0.006258 0.000439
0.000000 0.009785
0.000000 0.000000
0.000000 0.000000
0.000000 0.006495
0.000000 0.000000
0.000000 0.000000
0.000000 0.000801
0.000000 0.003281
0.000000 0.000000
0.000000 0.000477
0.000000 0.009680
0.000000 0.000000
0.000000 0.000000
0.000000 0.006876
0.000000 0.000000
0.000000 0.000000
0.000000 0.000830
0.000000 0.003014
0.000000 0.000000
0.000000 0.000496
0.000000 0.009556
0.000000 0.000000
0.000000 0.000000
0.000000 0.007248
0.000000 0.000000
0.000000 0.000000
0.000000 0.000868
0.000000 0.002708
0.000000 0.000000
0.006858 0.000563
0.000000 0.009279
0.000000 0.000000
0.016331 0.000000
0.007008 0.007515
0.000000 0.000000
0.006826 0.000000
0.006890 0.000954
0.000000 0.002365
0.000000 0.000000
0.000000 0.000658
0.000000 0.009003
0.000000 0.000000
0.000000 0.000000
0.000000 0.007763
0.000000 0.000000
0.000000 0.000000
0.000000 0.000963
