0.000000 0.005932
0.000000 0.000000
0.009488 0.000000
0.009400 0.010242
0.019011 0.000000
0.028490 0.000000
0.028456 0.003119
0.037994 0.000000
0.028713 0.000000
0.019044 0.000591
0.028672 0.005732
0.019247 0.000000
0.019227 0.000000
0.009620 0.010262
0.019263 0.000000
0.028640 0.000000
0.019007 0.003405
0.009451 0.000000
0.018948 0.000000
0.018825 0.000601
0.000000 0.005522
0.000000 0.000000
0.000000 0.000000
0.000000 0.010233
0.000000 0.000000
0.000000 0.000000
0.000000 0.003586
0.009333 0.000000
0.009288 0.000000
0.018905 0.000601
0.009269 0.005341
0.018953 0.000000
0.028635 0.000000
0.037984 0.010214
0.057263 0.000000
0.057338 0.000000
0.057156 0.003815
0.066806 0.000000
0.057059 0.000000
0.057156 0.000601
0.057131 0.005093
0.066585 0.000000
0.066556 0.000000
0.056963 0.010147
0.047202 0.000000
0.047412 0.000000
0.047299 0.004063
0.028180 0.000000
0.018556 0.000000
0.008933 0.000610
0.000000 0.004883
0.000000 0.000000
0.000000 0.000038
0.000000 0.010071
0.000000 0.000000
0.000000 0.000000
0.000000 0.004282
0.000000 0.000000
0.000000 0.000000
0.000000 0.000610
0.000000 0.004683
0.000000 0.000000
0.000000 0.000105
0.000000 0.010014
0.000000 0.000000
0.000000 0.000000
0.000000 0.004559
0.000000 0.000000
0.000000 0.000000
0.000000 0.000620
0.000000 0.004454
0.000000 0.000000
0.000000 0.000172
0.000000 0.009937
0.000000 0.000000
0.000000 0.000000
0.000000 0.004854
0.000000 0.000000
0.000000 0.000000
0.000000 0.000639
0.000000 0.004272
0.000000 0.000000
0.000000 0.000200
0.000000 0.009918
0.000000 0.000000
0.000000 0.000000
0.000000 0.005045
0.000000 0.000000
0.000000 0.000000
0.000000 0.000639
0.000000 0.004101
0.000000 0.000000
0.000000 0.000267
0.000000 0.009890
0.000000 0.000000
0.000000 0.000000
0.000000 0.005360
0.000000 0.000000
0.000000 0.000000
0.000000 0.000658
0.000000 0.003901
0.000000 0.000000
0.000000 0.000296
0.000000 0.009823
0.000000 0.000000
0.000000 0.000000
0.000000 0.005636
0.000000 0.000000
0.000000 0.000000
0.000000 0.000658
0.000000 0.003748
0.000000 0.000000
0.000000 0.000296
0.000000 0.009727
0.000000 0.000000
0.000000 0.000000
0.000000 0.005846
0.000000 0.000000
0.000000 0.000000
0.000000 0.000677
0.000000 0.003557
0.000000 0.000000
0.000000 0.000391
0.000000 0.009670
0.000000 0.000000
0.000000 0.000000
0.000000 0.006189
0.000000 0.000000
0.000000 0.000000
0.000000 0.000687
0.000000 0.003338
0.000000 0.000000
0.000000 0.000381
0.000000 0.009594
0.000000 0.000000
0.000000 0.000000
0.000000 0.006409
0.000000 0.000000
0.000000 0.000000
0.000000 0.000715
0.000000 0.003157
0.000000 0.000000
0.000000 0.000429
0.000000 0.009499
0.000000 0.000000
0.000000 0.000000
0.000000 0.006676
0.000000 0.000000
0.000000 0.000000
0.000000 0.000725
0.000000 0.002975
0.000000 0.000000
0.000000 0.000439
0.000000 0.009403
0.000000 0.000000
0.000000 0.000000
0.000000 0.006952
0.000000 0.000000
0.000000 0.000000
0.000000 0.000744
0.000000 0.002823
0.000000 0.000000
0.000000 0.000439
0.000000 0.009356
0.000000 0.000000
0.000000 0.000000
0.000000 0.007229
0.000000 0.000000
0.000000 0.000000
0.000000 0.000782
0.000000 0.002632
0.000000 0.000000
0.000000 0.000505
0.000000 0.009298
0.000000 0.000000
0.000000 0.000000
0.000000 0.007524
0.000000 0.000000
0.000000 0.000000
0.000000 0.000801
0.000000 0.002480
0.000000 0.000000
0.000000 0.000515
0.000000 0.009165
0.000000 0.000000
0.000000 0.000000
0.000000 0.007734
0.000000 0.000000
0.000000 0.000000
0.000000 0.000839
0.000000 0.002337
0.000000 0.000000
0.000000 0.000525
0.000000 0.009069
0.000000 0.000000
0.000000 0.000000
0.000000 0.007982
0.000000 0.000000
0.000000 0.000000
0.000000 0.000877
0.000000 0.002127
0.000000 0.000000
0.000000 0.000553
0.000000 0.008926
0.000000 0.000000
0.000000 0.000000
0.000000 0.008221
0.000000 0.000000
0.000000 0.000000
0.000000 0.000925
0.000000 0.001955
0.000000 0.000000
0.000000 0.000534
0.000000 0.008802
0.000000 0.000000
0.000000 0.000000
0.000000 0.008430
0.000000 0.000000
0.000000 0.000000
0.000000 0.000973
0.000000 0.001812
0.000000 0.000000
0.000000 0.000544
0.000000 0.008688
0.000000 0.000000
0.000000 0.000000
0.000000 0.008650
0.000000 0.000000
0.000000 0.000000
0.000000 0.001020
0.000000 0.001602
0.000000 0.000000
0.000000 0.000563
0.000000 0.008516
0.000000 0.000000
0.000000 0.000000
0.000000 0.008879
0.000000 0.000000
0.009137 0.000000
0.018532 0.001087
0.008967 0.001478
0.018496 0.000000
0.028177 0.000582
0.018662 0.008392
0.018629 0.000000
0.018588 0.000000
0.018412 0.009041
0.009147 0.000000
0.018672 0.000000
0.009093 0.001163
0.009127 0.001316
0.009253 0.000000
0.018677 0.000572
0.018586 0.008249
0.018689 0.000000
0.018598 0.000000
0.018474 0.009232
0.027968 0.000000
0.028176 0.000000
0.018591 0.001230
0.018571 0.001154
0.028212 0.000000
0.028121 0.000572
0.028095 0.008049
0.018489 0.000000
0.027894 0.000000
0.008857 0.009384
0.018345 0.000000
0.018453 0.000000
0.027979 0.001326
0.056814 0.001040
0.075918 0.000000
0.094943 0.000591
0.114122 0.007915
0.142683 0.000000
0.180937 0.000000
0.199993 0.009556
0.219103 0.000000
0.238380 0.000000
0.266950 0.001440
0.276426 0.000935
0.286116 0.000000
0.295731 0.000582
0.305332 0.007992
0.334124 0.028925
0.362909 0.066328
0.381894 0.201092
0.420247 0.548010
0.448951 0.627909
0.487159 0.774088
0.515797 0.817776
0.554308 0.785332
0.592383 0.880070
0.640189 0.936480
0.678594 0.991793
0.735729 1.083059
0.773898 1.140165
0.831265 1.238518
0.888655 1.323109
0.955557 1.417303
1.013129 1.427803
1.080090 1.488285
1.166438 1.564980
1.233572 1.645279
1.300762 1.682310
1.377620 1.728573
1.454154 1.801920
1.512061 1.787987
1.588729 1.803274
1.665360 1.863642
1.722964 1.882772
1.799870 1.940374
1.857461 1.975164
1.924667 1.984892
1.992033 2.018347
2.059029 2.100973
2.126296 2.204714
2.193643 2.226963
2.280086 2.263021
2.356726 2.300978
2.443047 2.306156
2.519874 2.323217
2.606322 2.345076
2.682959 2.349157
2.759766 2.351637
2.817480 2.373552
2.894132 2.410202
2.970902 2.416706
3.038041 2.440548
3.076141 2.464323
3.124213 2.474680
3.182003 2.492867
3.239712 2.518349
3.278066 2.530375
3.326127 2.550611
3.383636 2.555990
3.421897 2.574100
3.469978 2.573891
3.517912 2.573061
3.575352 2.581682
3.594401 2.591858
3.661526 2.601290
3.709153 2.623549
3.776137 2.650938
3.824321 2.659960
3.910256 2.680721
3.948618 2.708406
4.015483 2.724791
4.092034 2.742567
4.177918 2.767658
4.245208 2.772398
4.340901 2.776356
4.417045 2.792587
4.493825 2.808046
4.570512 2.804432
4.656541 2.819166
4.733004 2.833567
4.809799 2.862854
4.895763 2.869682
4.972339 2.892523
5.058174 2.916660
5.163736 2.933578
5.259213 2.951078
5.373936 2.967491
5.479116 2.973051
5.593991 2.984247
5.718042 2.996292
5.851935 3.005409
5.975948 3.020458
6.109389 3.033590
6.233599 3.043318
6.367332 3.047304
6.481806 3.054714
6.605753 3.065252
6.710687 3.068533
6.805714 3.084955
6.920081 3.098955
7.024971 3.114109
7.149175 3.131933
7.272380 3.159399
7.415576 3.175459
7.548539 3.187609
7.700731 3.203478
7.862420 3.216038
8.033842 3.219690
8.195136 3.223143
8.375454 3.241587
8.546614 3.242216
8.708083 3.249121
8.878912 3.256626
9.002166 3.258753
9.173245 3.263359
9.305980 3.268700
9.438849 3.276863
9.562466 3.282928
9.685996 3.290863
9.800220 3.307753
9.924117 3.315573
10.048299 3.320494
10.172301 3.332548
10.287063 3.338718
10.430949 3.348846
10.564917 3.360996
10.698957 3.372984
10.842780 3.378477
11.005642 3.389387
11.158906 3.398523
11.321973 3.398800
11.475237 3.404236
11.637945 3.412418
11.800830 3.417063
11.963877 3.419285
12.135995 3.426199
12.279296 3.430204
12.432741 3.431721
12.576504 3.436804
12.710543 3.444920
12.834707 3.446760
12.959305 3.454123
13.083458 3.463326
13.207750 3.464794
13.341732 3.463402
13.465749 3.469276
13.580249 3.474789
13.704453 3.480406
13.828405 3.489056
13.980859 3.497820
14.123966 3.500929
14.286062 3.505945
14.448252 3.512554
14.619910 3.514004
14.791571 3.515034
14.953579 3.519211
15.096561 3.520451
15.249245 3.519278
15.363710 3.521986
15.477938 3.527412
15.573391 3.528032
15.678380 3.528881
15.773478 3.531809
15.888039 3.534403
15.983377 3.534107
16.088156 3.540640
16.183489 3.543949
16.297877 3.544731
16.393067 3.550091
16.516974 3.564425
16.631431 3.568249
16.746095 3.570986
16.879586 3.574953
16.994362 3.575306
17.099578 3.573790
17.204620 3.577156
17.281278 3.578320
17.357883 3.575659
17.415615 3.578806
17.463490 3.582144
17.502047 3.581161
17.531141 3.584356
17.569480 3.588867
17.617256 3.591471
17.674977 3.593225
17.741889 3.597679
17.818211 3.600006
17.923446 3.598967
18.009320 3.602266
18.095234 3.607225
18.190782 3.606768
18.295748 3.609200
18.400686 3.613882
18.486693 3.615017
18.581977 3.613825
18.677383 3.618040
18.763116 3.620481
18.849113 3.618288
18.925385 3.618574
18.991826 3.618851
19.030204 3.616056
19.058576 3.615208
19.077392 3.617802
19.058325 3.616161
19.048742 3.614855
19.019827 3.619537
18.991005 3.623781
18.962372 3.623333
18.943146 3.625708
18.952465 3.629465
18.962153 3.629427
18.990761 3.630705
19.057370 3.634872
19.124178 3.635960
19.210087 3.635359
19.295928 3.639889
19.372004 3.642282
19.467809 3.641834
19.563133 3.644905
19.649238 3.648748
19.716139 3.646984
19.802396 3.646574
19.869597 3.649845
19.927629 3.648109
19.966763 3.647614
20.015327 3.653288
20.054182 3.657789
20.103390 3.656950
20.161662 3.661661
20.220051 3.668365
20.307277 3.668747
20.384802 3.670139
20.490972 3.674212
20.577839 3.672743
20.683691 3.672037
20.780063 3.675976
20.885661 3.677568
20.972186 3.676176
21.058385 3.678293
21.163837 3.680820
21.230874 3.678455
21.297953 3.678055
21.345582 3.679905
21.354873 3.677320
21.364150 3.675461
21.354362 3.676987
21.335241 3.677778
21.296796 3.677311
21.267869 3.681145
21.229293 3.683338
21.219359 3.682346
21.228405 3.682919
21.227876 3.686895
21.255989 3.686447
21.274746 3.684835
21.312306 3.687391
21.359692 3.687391
21.388035 3.685064
21.406507 3.686733
21.434101 3.689556
21.453161 3.687687
21.452626 3.688202
21.480425 3.692732
21.508653 3.691273
21.546204 3.690195
21.602874 3.692827
21.650078 3.693657
21.697844 3.691874
21.764404 3.694506
21.792610 3.696966
21.849703 3.695030
21.878135 3.694916
21.916083 3.697786
21.954217 3.696127
21.992418 3.694954
22.030422 3.698425
22.058794 3.699532
22.125486 3.697453
22.163938 3.700438
22.220934 3.703136
22.259136 3.701153
22.297339 3.700781
22.316217 3.703880
22.335380 3.701115
22.344932 3.699160
22.344944 3.700600
22.345006 3.700266
22.326190 3.697872
22.307020 3.700123
22.259369 3.702240
22.221094 3.701067
22.183137 3.702974
22.164095 3.707352
22.145047 3.707161
22.164262 3.707867
22.192813 3.712530
22.230859 3.715515
22.307367 3.711739
22.393257 3.715506
22.498160 3.717728
22.612804 3.715687
22.736849 3.716021
22.832233 3.718081
22.918381 3.715067
23.004223 3.712931
23.070969 3.714705
23.099469 3.714705
23.108982 3.712759
23.108677 3.715410
23.108410 3.717546
23.079764 3.716202
23.079512 3.716373
23.040892 3.719101
23.031052 3.716927
23.021438 3.715572
23.001691 3.717737
23.010888 3.717852
23.000961 3.715620
22.990899 3.717909
22.980872 3.719807
22.970910 3.717451
22.951359 3.716068
22.922189 3.719015
22.893208 3.716917
22.864196 3.716574
22.825506 3.719416
22.806102 3.720102
22.777154 3.718157
22.776645 3.720131
22.757052 3.722086
22.766446 3.719883
22.766068 3.720245
22.775316 3.722963
22.803624 3.721046
22.803461 3.719921
22.812700 3.722582
22.841074 3.723154
22.850756 3.721075
22.888857 3.723450
22.907821 3.725243
22.955820 3.723316
23.003600 3.723211
23.013137 3.725872
23.051366 3.723307
23.089772 3.721714
23.108977 3.723984
23.128115 3.723364
23.147686 3.721113
23.147694 3.723316
23.147786 3.724718
23.129020 3.722401
23.090863 3.722429
23.052523 3.725023
22.995634 3.722153
22.938731 3.720322
22.871730 3.721695
22.786141 3.721113
22.700567 3.717756
22.614499 3.720055
22.509551 3.721771
22.414272 3.719931
22.328253 3.720484
22.242081 3.723173
22.156338 3.720436
22.089495 3.718634
22.022307 3.720722
21.936195 3.719110
21.869243 3.716698
21.802213 3.719664
21.744568 3.721838
21.687074 3.720036
21.648724 3.719883
21.590921 3.721485
21.543210 3.716602
21.485680 3.713312
21.437808 3.714628
21.361344 3.710546
21.304184 3.703938
21.218054 3.702049
21.103471 3.698854
20.979470 3.690004
20.845925 3.685589
20.654867 3.681450
20.464261 3.664017
20.254551 3.651657
19.997005 3.644619
19.710923 3.636284
19.415602 3.630753
19.081841 3.633070
18.738735 3.633690
18.405492 3.636198
18.081654 3.638191
17.758142 3.643389
17.473063 3.642616
17.216641 3.640308
16.979438 3.637438
16.751820 3.631105
16.562956 3.623829
16.364208 3.618708
16.175103 3.614187
15.976472 3.606234
15.796874 3.599892
15.607572 3.594570
15.408787 3.582439
15.209825 3.575344
15.000914 3.573933
14.782381 3.568392
14.544780 3.558559
14.325904 3.556137
14.078087 3.546944
13.830334 3.546820
13.582264 3.548899
13.343568 3.552551
13.114503 3.546743
12.904764 3.542728
12.703837 3.544626
12.531848 3.541470
12.359621 3.534908
12.216031 3.526621
12.062794 3.516989
11.919326 3.502979
11.765903 3.494854
11.612706 3.485470
11.468930 3.469849
11.306178 3.448048
11.143100 3.443642
10.970790 3.429842
10.807850 3.418493
10.635515 3.414688
10.472645 3.410444
10.310045 3.407335
10.156578 3.411274
9.993543 3.417625
9.859667 3.416271
9.754045 3.416348
9.619552 3.420000
9.533061 3.419189
9.446563 3.415823
9.388412 3.418322
9.330592 3.419399
9.291740 3.416557
9.262640 3.414192
9.223764 3.412437
9.185293 3.406696
9.156331 3.401117
9.108031 3.401728
9.050527 3.395786
9.021976 3.384151
8.954988 3.380203
8.888199 3.381224
8.821583 3.374777
8.764283 3.373594
8.697718 3.374920
8.621458 3.366041
8.554953 3.360434
8.487965 3.357658
8.431102 3.353386
8.354715 3.346500
8.297426 3.342705
8.230602 3.341856
8.173297 3.332987
8.116034 3.331280
8.039294 3.328123
7.982055 3.317423
7.905610 3.309307
7.819656 3.304358
7.743016 3.300991
7.666840 3.296509
7.590454 3.300714
7.504609 3.300543
7.428009 3.295040
7.351597 3.290215
7.284516 3.289948
7.217950 3.281040
7.160613 3.275547
7.093464 3.264885
7.026470 3.251371
6.949800 3.230276
6.891909 3.219395
6.814780 3.210325
6.737808 3.200846
6.660540 3.208714
6.583205 3.216543
6.505615 3.215504
6.447129 3.222589
6.397939 3.233166
6.348901 3.232670
6.328407 3.231401
6.307848 3.235483
6.296813 3.227100
6.295432 3.226385
6.303864 3.223009
6.302629 3.224659
6.291922 3.214159
6.281457 3.205814
6.251745 3.194141
6.203117 3.173466
6.183558 3.159246
6.125762 3.150654
6.049002 3.140631
5.991895 3.126230
5.915411 3.117008
5.839038 3.108339
5.744300 3.099375
5.668251 3.097963
5.573161 3.105373
5.507078 3.106117
5.421974 3.104076
5.346266 3.109179
5.289676 3.107014
5.233214 3.101912
5.186160 3.102703
5.148662 3.106842
5.120969 3.099709
5.093131 3.095913
5.055539 3.093739
5.027557 3.085155
4.999714 3.075876
4.971664 3.068619
4.934120 3.061247
4.887246 3.050699
4.839957 3.050470
4.802253 3.051443
4.755000 3.042231
4.717058 3.036299
4.669481 3.038874
4.631372 3.030615
4.602668 3.015022
4.564070 3.004675
4.516040 2.997046
4.496251 2.982378
4.476399 2.973680
4.436995 2.971573
4.407454 2.949429
4.386951 2.930326
4.347327 2.925310
4.317449 2.912884
4.268401 2.896452
4.219028 2.891693
4.179450 2.889099
4.111300 2.879820
4.052943 2.881899
3.994478 2.881184
3.936218 2.876139
3.877981 2.875948
3.829520 2.879629
3.762081 2.873898
3.723306 2.866096
3.675293 2.865677
3.636857 2.862482
3.589048 2.856798
3.531591 2.851515
3.493249 2.850122
3.445660 2.839813
3.417126 2.826586
3.369440 2.819166
3.331752 2.808695
3.284269 2.793903
3.236777 2.784729
3.208321 2.768726
3.170689 2.756042
3.132712 2.753639
3.085002 2.754831
3.056864 2.750177
3.018989 2.738752
2.980892 2.711277
2.952677 2.701054
2.933764 2.697687
2.905520 2.697115
2.876950 2.696753
2.858256 2.687941
2.848939 2.688379
2.829968 2.690248
2.820871 2.679148
2.811724 2.674170
2.802556 2.678356
2.783792 2.670088
2.774761 2.655668
2.765630 2.653446
2.766219 2.645798
2.738058 2.626209
2.719460 2.623358
2.700575 2.628469
2.682140 2.614365
2.692200 2.610712
2.654418 2.601128
2.654828 2.588511
2.645873 2.586880
2.636540 2.586079
2.608350 2.581043
2.599352 2.572298
2.590116 2.568464
2.561753 2.562675
2.543407 2.538776
2.543873 2.533331
2.505734 2.532978
2.477602 2.523603
2.458883 2.512579
2.439874 2.506514
2.401765 2.503977
2.383161 2.504063
2.364031 2.505827
2.335322 2.512474
2.306783 2.512608
2.278095 2.514429
2.268492 2.518377
2.259074 2.517595
2.240002 2.511187
2.211141 2.504482
2.211200 2.496691
2.201756 2.485304
2.182349 2.488337
2.172906 2.487040
2.173104 2.480307
2.163660 2.479591
2.163563 2.479506
2.163704 2.470388
2.183192 2.459879
2.183021 2.464638
2.192773 2.462835
2.183214 2.455349
2.183238 2.463560
2.173706 2.458372
2.173722 2.454128
2.173734 2.453651
2.173670 2.459135
2.163940 2.444382
2.164048 2.425442
2.163898 2.421503
2.163679 2.424622
2.154093 2.408571
2.154040 2.409172
2.134828 2.401323
2.134620 2.376766
2.115282 2.364569
2.115224 2.365036
2.095808 2.367821
2.095900 2.371387
2.076450 2.380762
2.037965 2.381268
2.057142 2.370129
2.037792 2.367735
2.027929 2.371693
2.018276 2.357903
2.008545 2.338610
1.989203 2.331562
1.969740 2.315121
1.950620 2.290926
1.931468 2.282839
1.921788 2.264452
1.902667 2.254305
1.883449 2.251291
1.854766 2.257710
1.835525 2.256546
1.844847 2.249069
1.816234 2.258091
1.797254 2.256594
1.787936 2.231026
1.778446 2.218599
1.768911 2.169790
1.749908 2.159719
1.740133 2.159357
1.730572 2.162313
1.721347 2.160988
1.702226 2.168884
1.702285 2.180605
1.702392 2.175360
1.692974 2.199364
1.683232 2.213335
1.683273 2.217798
1.693053 2.218580
1.693219 2.225113
1.702704 2.232838
1.712678 2.230930
1.722040 2.232647
1.731686 2.236176
1.741328 2.223597
1.751121 2.214766
1.751093 2.205944
1.750999 2.205315
1.751049 2.196951
1.750861 2.183933
1.741346 2.168970
1.741186 2.167225
1.731538 2.170601
1.721923 2.172747
1.712345 2.160234
1.712204 2.147999
1.692919 2.122698
1.683229 2.121000
1.673727 2.115746
1.664031 2.112865
1.654288 2.112665
1.644782 2.102766
1.625573 2.105055
1.615954 2.077255
1.616120 2.056303
1.597204 2.033558
1.587516 1.989164
1.578020 1.946211
1.549472 1.929684
1.539855 1.916018
1.511248 1.910973
1.501677 1.906710
1.492174 1.896544
1.463379 1.905746
1.434470 1.898661
1.415323 1.891804
1.405701 1.892462
1.386273 1.868391
1.376702 1.831398
1.366984 1.814947
1.338261 1.802158
1.319059 1.795807
1.290086 1.805153
1.299743 1.811666
1.290033 1.793890
1.280582 1.781521
1.270881 1.778889
1.251535 1.775980
1.251747 1.774817
1.242021 1.778135
1.241881 1.788464
1.232394 1.785402
1.222625 1.791210
1.213094 1.793480
1.213180 1.783724
1.213246 1.771030
1.213235 1.771250
1.222852 1.752214
1.213196 1.728935
1.222734 1.724377
1.222680 1.721134
1.232316 1.708126
1.241534 1.704626
1.222450 1.710167
1.222256 1.707277
1.231686 1.699800
1.222100 1.697378
1.222128 1.684265
1.202946 1.676798
1.193347 1.683102
1.193427 1.670723
1.174337 1.667948
1.174351 1.670532
1.155110 1.667128
1.145789 1.644621
1.155394 1.605616
1.136306 1.575050
1.117052 1.548367
1.117328 1.482086
1.107707 1.441927
1.088455 1.390018
1.078889 1.346102
1.069370 1.349754
1.059620 1.352777
1.050067 1.340046
1.040371 1.331320
1.030643 1.338320
1.011397 1.319418
1.001959 1.298723
0.982619 1.292009
0.963344 1.264324
0.953754 1.236324
0.943998 1.242704
0.924867 1.224518
0.905595 1.207390
0.895899 1.204166
0.886351 1.180611
0.857516 1.192455
0.857627 1.182728
0.828761 1.178961
0.819076 1.156893
0.799967 1.130228
0.790345 1.114397
0.780730 1.073112
0.761576 1.046953
0.752004 0.954094
0.742228 0.874939
0.732660 0.839567
0.713575 0.777273
0.684728 0.711069
0.656078 0.630131
0.637127 0.607977
0.627559 0.538120
0.589152 0.517645
0.551059 0.470953
0.531961 0.409155
0.512813 0.345917
0.474554 0.256176
0.445863 0.132408
0.426678 0.017271
0.388298 0.005226
0.350249 0.000000
0.311828 0.000381
0.283180 0.009871
0.254486 0.000000
0.206650 0.000000
0.177992 0.006094
0.139870 0.000000
0.120715 0.000000
0.082575 0.000763
0.063514 0.003538
0.034902 0.000000
0.006258 0.000439
0.000000 0.009785
0.000000 0.000000
0.000000 0.000000
0.000000 0.006495
0.000000 0.000000
0.000000 0.000000
0.000000 0.000801
0.000000 0.003281
0.000000 0.000000
0.000000 0.000477
0.000000 0.009680
0.000000 0.000000
0.000000 0.000000
0.000000 0.006876
0.000000 0.000000
0.000000 0.000000
0.000000 0.000830
0.000000 0.003014
0.000000 0.000000
0.000000 0.000496
0.000000 0.009556
0.000000 0.000000
0.000000 0.000000
0.000000 0.007248
0.000000 0.000000
0.000000 0.000000
0.000000 0.000868
0.000000 0.002708
0.000000 0.000000
0.006858 0.000563
0.000000 0.009279
0.000000 0.000000
0.016331 0.000000
0.007008 0.007515
0.000000 0.000000
0.006826 0.000000
0.006890 0.000954
0.000000 0.002365
0.000000 0.000000
0.000000 0.000658
0.000000 0.009003
0.000000 0.000000
0.000000 0.000000
0.000000 0.007763
0.000000 0.000000
0.000000 0.000000
0.000000 0.000963
0.000000 0.001879
0.009619 0.000000
0.019071 0.000544
0.000000 0.008688
0.009535 0.000000
0.000000 0.000000
0.000000 0.008488
0.000000 0.000000
0.000000 0.000000
0.000000 0.001001
0.000000 0.001631
0.000000 0.000000
0.000000 0.000553
0.000000 0.008450
0.000000 0.000000
0.000000 0.000000
0.000000 0.008783
0.000000 0.000000
0.000000 0.000000
0.000000 0.001087
0.000000 0.001431
0.000000 0.000000
0.000000 0.000582
0.000000 0.008287
0.000000 0.000000
0.000000 0.000000
0.000000 0.009089
0.000000 0.000000
0.000000 0.000000
0.000000 0.001192
0.000000 0.001202
0.000000 0.000000
0.000000 0.000563
0.000000 0.008030
0.000000 0.000000
0.000000 0.000000
0.000000 0.009336
0.000000 0.000000
0.000000 0.000000
0.000000 0.001345
0.000000 0.001011
0.000000 0.000000
0.000000 0.000572
0.000000 0.007792
0.000000 0.000000
0.000000 0.000000
0.000000 0.009537
0.000000 0.000000
0.000000 0.000000
0.000000 0.001507
0.008797 0.000811
0.000000 0.000000
0.000000 0.000582
0.000000 0.007563
0.000000 0.000000
0.000000 0.000000
0.000000 0.009727
0.000000 0.000000
0.000000 0.000000
0.000000 0.001678
0.000000 0.000648
0.000000 0.000000
0.000000 0.000591
0.000000 0.007257
0.000000 0.000000
0.000000 0.000000
0.000000 0.009871
0.000000 0.000000
0.000000 0.000000
0.000000 0.001888
0.000000 0.000486
0.000000 0.000000
0.000000 0.000582
0.000000 0.006990
0.000000 0.000000
0.000000 0.000000
0.000000 0.009985
0.000000 0.000000
0.000000 0.000000
0.000000 0.002098
0.000000 0.000305
0.000000 0.000000
0.000000 0.000582
0.000000 0.006714
0.000000 0.000000
0.000000 0.000000
0.000000 0.010109
0.000000 0.000000
0.000000 0.000000
0.000000 0.002375
0.000000 0.000162
0.000000 0.000000
0.000000 0.000582
0.000000 0.006418
0.000000 0.000000
0.000000 0.000000
0.000000 0.010128
0.000000 0.000000
0.000000 0.000000
0.000000 0.002680
0.000000 0.000038
0.000000 0.000000
0.000000 0.000591
0.000000 0.006132
0.000000 0.000000
0.000000 0.000000
0.000000 0.010157
0.000000 0.000000
0.000000 0.000000
0.000000 0.002947
0.000000 0.000000
0.000000 0.000000
0.000000 0.000591
0.000000 0.005827
0.000000 0.000000
0.000000 0.000000
0.000000 0.010185
0.000000 0.000000
0.000000 0.000000
0.000000 0.003300
0.000000 0.000000
0.000000 0.000000
0.000000 0.000591
0.000000 0.005493
0.000000 0.000000
0.000000 0.000000
0.000000 0.010128
0.000000 0.000000
0.000000 0.000000
0.000000 0.003643
0.000000 0.000000
0.000000 0.000000
0.000000 0.000610
0.000000 0.005198
0.000000 0.000000
0.000000 0.000000
0.000000 0.010099
0.000000 0.000000
0.000000 0.000000
0.000000 0.004063
0.000000 0.000000
0.000000 0.000000
0.000000 0.000610
0.000000 0.004845
0.000000 0.000000
0.000000 0.000076
0.000000 0.010052
0.000000 0.000000
0.000000 0.000000
0.000000 0.004501
0.000000 0.000000
0.000000 0.000000
0.000000 0.000610
0.000000 0.004530
0.000000 0.000000
0.000000 0.000153
0.000000 0.009975
0.000000 0.000000
0.000000 0.000000
0.000000 0.004892
0.000000 0.000000
0.000000 0.000000
0.000000 0.000629
0.000000 0.004206
0.000000 0.000000
0.000000 0.000219
0.000000 0.009880
0.000000 0.000000
0.000000 0.000000
0.000000 0.005322
0.000000 0.000000
0.000000 0.000000
0.000000 0.000639
0.000000 0.003862
0.000000 0.000000
0.000000 0.000296
0.000000 0.009718
0.000000 0.000000
0.000000 0.000000
0.000000 0.005751
0.000000 0.000000
0.000000 0.000000
0.000000 0.000668
0.000000 0.003567
0.000000 0.000000
0.000000 0.000353
0.000000 0.009661
0.000000 0.000000
0.000000 0.000000
0.000000 0.006199
0.000000 0.000000
0.000000 0.000000
0.000000 0.000696
0.000000 0.003223
0.000000 0.000000
0.000000 0.000391
0.000000 0.009518
0.000000 0.000000
0.000000 0.000000
0.000000 0.006647
0.000000 0.000000
0.000000 0.000000
0.000000 0.000725
0.000000 0.002947
0.000000 0.000000
0.000000 0.000448
0.000000 0.009356
0.000000 0.000000
0.000000 0.000000
0.000000 0.007038
0.000000 0.000000
0.000000 0.000000
0.000000 0.000763
0.000000 0.002661
0.000000 0.000000
0.000000 0.000496
0.000000 0.009203
0.000000 0.000000
0.000000 0.000000
0.000000 0.007496
0.000000 0.000000
0.000000 0.000000
0.000000 0.000811
0.000000 0.002375
0.000000 0.000000
0.000000 0.000496
0.000000 0.009041
0.000000 0.000000
0.000000 0.000000
0.000000 0.007858
0.000000 0.000000
0.000000 0.000000
0.000000 0.000868
0.000000 0.002117
0.000000 0.000000
0.000000 0.000544
0.000000 0.008841
0.000000 0.000000
0.000000 0.000000
0.000000 0.008240
0.000000 0.000000
0.000000 0.000000
0.000000 0.000935
0.000000 0.001850
0.000000 0.000000
0.000000 0.000553
0.000000 0.008640
0.000000 0.000000
0.000000 0.000000
0.000000 0.008593
0.000000 0.000000
0.000000 0.000000
0.000000 0.001020
0.000000 0.001602
0.000000 0.000000
0.000000 0.000563
0.000000 0.008430
0.000000 0.000000
0.000000 0.000000
0.000000 0.008888
0.000000 0.000000
0.000000 0.000000
0.000000 0.001125
0.000000 0.001383
0.000000 0.000000
0.000000 0.000563
0.000000 0.008183
0.000000 0.000000
0.000000 0.000000
0.000000 0.009136
0.000000 0.000000
0.000000 0.000000
0.000000 0.001240
0.000000 0.001154
0.000000 0.000000
0.000000 0.000572
0.000000 0.007963
0.000000 0.000000
0.000000 0.000000
0.000000 0.009413
0.000000 0.000000
0.000000 0.000000
0.000000 0.001383
0.000000 0.000954
0.000000 0.000000
0.000000 0.000591
0.000000 0.007734
0.000000 0.000000
0.000000 0.000000
0.000000 0.009584
0.000000 0.000000
0.000000 0.000000
0.000000 0.001545
0.000000 0.000744
0.000000 0.000000
0.017623 0.000582
0.027292 0.007420
0.046551 0.000000
0.094340 0.000000
0.103969 0.009737
0.132721 0.000000
0.170983 0.000000
0.190067 0.001726
0.228234 0.000563
0.237932 0.000000
0.266450 0.000572
0.276067 0.007133
0.304781 0.000000
0.333306 0.000000
0.361976 0.009975
0.381091 0.000000
0.400179 0.000000
0.419070 0.001984
0.438069 0.000439
0.457070 0.000000
0.476004 0.000572
0.494933 0.010090
0.523430 0.082779
0.542371 0.260162
0.580655 0.463991
0.618822 0.572109
0.647384 0.646315
0.695130 0.803957
0.733396 0.844173
0.790976 0.880404
0.858162 0.940285
0.915513 0.992336
0.982639 1.017828
1.068921 1.054106
1.116620 1.099491
1.183633 1.122026
1.250541 1.189032
1.307894 1.263828
1.355684 1.318321
1.422635 1.381912
1.479935 1.448870
1.527795 1.507158
1.585112 1.522446
1.632915 1.553888
1.680520 1.566210
1.728622 1.590586
1.766916 1.587496
1.804871 1.581774
1.814573 1.585970
1.853035 1.603794
1.881731 1.628904
1.891369 1.655445
1.910766 1.660795
1.948838 1.682262
1.948858 1.705675
1.948886 1.723232
1.977641 1.725407
1.987026 1.743994
1.996501 1.758280
2.006107 1.745338
2.025024 1.769724
2.044041 1.789284
2.072746 1.786947
2.082238 1.802950
2.101272 1.833029
2.129947 1.823540
2.149329 1.828623
2.168253 1.862688
2.177936 1.883812
2.197073 1.885090
2.216285 1.892214
2.235378 1.901884
2.264146 1.900892
2.302388 1.918526
2.311933 1.937008
2.340657 1.945410
2.369367 1.952705
2.397779 1.958170
2.426602 1.983261
2.426709 2.005987
2.464748 2.040415
2.493251 2.077980
2.522183 2.081146
2.560469 2.156677
2.598657 2.224627
2.627491 2.233715
2.694556 2.244816
2.742399 2.277336
2.809563 2.315254
2.876738 2.349825
2.953325 2.399607
3.039530 2.414789
3.144918 2.426443
3.230943 2.457342
3.335921 2.491312
3.450684 2.536850
3.584303 2.565727
3.708296 2.608061
3.851325 2.646971
3.984815 2.673998
4.146523 2.695885
4.289133 2.709589
4.450988 2.725859
4.602821 2.745113
4.754701 2.766323
4.897140 2.775564
5.048878 2.780371
5.200582 2.807341
5.352487 2.824783
5.495204 2.831774
5.637637 2.855740
5.789689 2.884207
5.932566 2.909193
6.113742 2.933178
6.266158 2.955227
6.418849 2.957401
6.590905 2.967300
6.753199 2.981024
6.906036 2.997742
7.068487 3.005962
7.221543 3.020849
7.364598 3.029070
7.517542 3.034725
7.670390 3.051300
7.803790 3.061543
7.947067 3.069925
8.080446 3.074646
8.204348 3.084536
8.337748 3.097105
8.452032 3.104048
8.556674 3.118801
8.661147 3.129263
8.775223 3.134174
8.898678 3.146420
9.003052 3.160772
9.117082 3.167543
9.250137 3.172817
9.354373 3.185854
9.477672 3.190632
9.591649 3.199282
9.705602 3.209229
9.829437 3.216152
9.962789 3.217840
10.076952 3.233900
10.220059 3.252306
10.382443 3.255568
10.535576 3.261652
10.688599 3.271875
10.851729 3.278599
11.024472 3.289080
11.197259 3.297625
11.360716 3.308344
11.543692 3.310509
11.726511 3.322039
11.918961 3.330002
12.111752 3.332682
12.314030 3.339014
12.516245 3.348379
12.709225 3.351049
12.911718 3.357382
13.114048 3.368454
13.306802 3.374548
13.499719 3.378229
13.692311 3.385382
13.875380 3.392296
14.058303 3.391848
14.250552 3.397427
14.413928 3.404655
14.548662 3.406267
14.702302 3.407488
14.836724 3.410349
14.923209 3.412743
15.048106 3.411741
15.134768 3.420954
15.211789 3.429689
15.279393 3.433018
15.347071 3.438864
15.423990 3.449202
15.482014 3.452730
15.540061 3.457479
15.597899 3.464718
15.665327 3.468561
15.723111 3.472528
15.780574 3.480387
15.847576 3.487549
15.924355 3.488903
16.010361 3.495235
16.115401 3.502493
16.230289 3.503218
16.354783 3.501663
16.488418 3.506107
16.612800 3.506298
16.708704 3.503695
16.823595 3.505955
16.900326 3.508234
16.967819 3.504677
17.025625 3.504858
17.054811 3.513412
17.093924 3.513403
17.123464 3.517561
17.191218 3.526344
17.240093 3.531647
17.317957 3.531837
17.424127 3.537807
17.511344 3.545990
17.627394 3.545256
17.743215 3.545704
17.839615 3.550472
17.945983 3.548908
18.051881 3.553610
18.148325 3.559160
18.225391 3.561010
18.312113 3.559504
18.369935 3.563204
18.417941 3.565426
18.456386 3.565569
18.494643 3.567944
18.532805 3.575068
18.551820 3.577929
18.599270 3.577747
18.636947 3.581657
18.684119 3.582439
18.731263 3.582220
18.768569 3.585796
18.834197 3.589554
18.881149 3.588257
18.956486 3.589249
18.993321 3.593035
19.059224 3.592138
19.115526 3.591747
19.161966 3.596115
19.218299 3.597555
19.265084 3.596134
19.311904 3.599377
19.358708 3.601856
19.396121 3.599958
19.423955 3.600674
19.470880 3.605032
19.489508 3.602638
19.517593 3.601570
19.517216 3.604183
19.526275 3.604631
19.526014 3.602781
19.525716 3.606606
19.544556 3.609543
19.554296 3.608370
19.592421 3.607597
19.621104 3.610954
19.650018 3.608742
19.698056 3.607254
19.755402 3.610477
19.803500 3.611784
19.870611 3.609905
19.918468 3.612709
19.966666 3.614473
20.014700 3.612356
20.053002 3.613348
20.091251 3.616562
20.129702 3.615007
20.168113 3.615370
20.206131 3.618832
20.234889 3.618612
20.282695 3.616943
20.330285 3.620501
20.358948 3.623190
20.406816 3.622227
20.463896 3.623409
20.492279 3.626890
20.539989 3.627911
20.597261 3.627138
20.664097 3.631020
20.721065 3.631649
20.797585 3.630552
20.873753 3.634710
20.959337 3.638029
21.045166 3.637161
21.140302 3.638449
21.225782 3.641872
21.301910 3.639402
21.387310 3.637428
21.444108 3.640184
21.491182 3.640127
21.528813 3.638592
21.547185 3.642178
21.556188 3.644505
21.584526 3.643532
21.612487 3.646021
21.611820 3.649530
21.668756 3.647509
21.716087 3.648567
21.753818 3.651638
21.791796 3.651447
21.848952 3.649569
21.896122 3.652363
21.934101 3.654709
21.972158 3.652582
22.019766 3.653727
22.028771 3.656855
22.047754 3.654890
22.066607 3.654613
22.075607 3.657331
22.075204 3.657141
22.103685 3.654842
22.122286 3.658361
22.140941 3.660660
22.169085 3.659067
22.206859 3.660269
22.215625 3.662844
22.234196 3.660202
22.252709 3.659077
22.261609 3.661747
22.270741 3.660793
22.270271 3.658829
22.269466 3.661318
22.259399 3.662291
22.258546 3.660793
22.248366 3.661785
22.218937 3.662052
22.198629 3.659201
22.159630 3.658333
22.129797 3.661394
22.099804 3.659363
22.060417 3.656979
22.011419 3.659220
21.943414 3.659592
21.865903 3.656750
21.768928 3.657818
21.662587 3.659039
21.547076 3.655348
21.422002 3.654060
21.277473 3.657799
21.123812 3.657665
20.979909 3.655539
20.845464 3.657885
20.720555 3.657980
20.605591 3.654814
20.481023 3.654537
20.385093 3.655014
20.289479 3.651609
20.184196 3.648720
20.069183 3.647709
19.954555 3.642502
19.839922 3.637686
19.715672 3.638201
19.601239 3.636169
19.458010 3.631697
19.314750 3.631411
19.171415 3.633175
19.018763 3.629971
18.875360 3.629446
18.731876 3.630657
18.578831 3.627682
18.454239 3.622932
18.329389 3.624687
18.204440 3.625021
18.098542 3.620205
17.992388 3.615885
17.876734 3.616257
17.751566 3.609762
17.626452 3.604488
17.501370 3.602476
17.376505 3.596363
17.232841 3.588467
17.060730 3.586597
16.907826 3.582487
16.726559 3.578215
16.535574 3.577890
16.354291 3.580971
16.163597 3.578024
15.982340 3.579369
15.810514 3.579512
15.629245 3.571072
15.476307 3.563347
15.323301 3.562365
15.189200 3.561306
15.045609 3.553677
14.921306 3.548641
14.796496 3.544130
14.672145 3.538456
14.557358 3.537731
14.451695 3.540001
14.336852 3.535109
14.231623 3.527689
14.135756 3.525190
14.039850 3.518686
13.944006 3.511496
13.847698 3.509178
13.770496 3.505850
13.683875 3.487921
13.587259 3.476801
13.490690 3.473473
13.365259 3.466692
13.239900 3.456869
13.085807 3.451538
12.913056 3.445702
12.749867 3.436546
12.548641 3.433113
12.357110 3.437243
12.166214 3.436813
11.984923 3.438406
11.813261 3.444061
11.670624 3.442745
11.537826 3.445425
11.442830 3.449793
11.338473 3.449764
11.262782 3.445549
11.206193 3.445749
11.149126 3.440828
11.092169 3.433485
11.035159 3.425770
10.996837 3.423090
10.939685 3.411207
10.873011 3.395624
10.787219 3.384485
10.691911 3.370695
10.597007 3.359289
10.492464 3.346176
10.349952 3.332253
10.198255 3.314781
10.046558 3.307648
9.856798 3.309669
9.667129 3.308172
9.496799 3.310022
9.326507 3.315077
9.175049 3.316317
9.014114 3.311338
8.910382 3.311548
8.777643 3.306303
8.683032 3.294430
8.588292 3.281984
8.483591 3.271465
8.388419 3.254108
8.293138 3.233223
8.187952 3.219528
8.092097 3.203650
7.948357 3.189030
7.823703 3.188572
7.689060 3.190413
7.554733 3.188448
7.429577 3.189354
7.313849 3.195162
7.207924 3.188496
7.111517 3.180561
7.014818 3.177700
6.946920 3.170242
6.879326 3.157244
6.820872 3.150520
6.743620 3.142757
6.685706 3.125124
6.627820 3.118925
6.560458 3.114576
6.483853 3.101978
6.407397 3.094330
6.330963 3.093548
6.264419 3.083820
6.179144 3.079157
6.103448 3.079195
6.018455 3.081226
5.952674 3.074350
5.896469 3.070631
5.830815 3.069973
5.775100 3.061390
5.719593 3.052406
5.663776 3.048725
5.617925 3.038235
5.581770 3.024015
5.535968 3.020220
5.490113 3.012056
5.444269 3.001051
5.417396 2.992983
5.352385 2.989426
5.306293 2.970514
5.250621 2.956200
5.204309 2.945766
5.167696 2.931080
5.102263 2.917395
5.046230 2.917414
4.980484 2.907267
4.914753 2.896328
4.858373 2.889767
4.801825 2.889071
4.745202 2.876205
4.678921 2.872162
4.612495 2.863188
4.564742 2.856760
4.479070 2.846508
4.412189 2.847719
4.354470 2.844429
4.277820 2.824974
4.200797 2.814703
4.133073 2.803917
4.065608 2.795086
4.017043 2.790632
3.939704 2.792540
3.891186 2.788315
3.823594 2.779455
3.756054 2.779055
3.707709 2.775307
3.659626 2.765617
3.602147 2.758474
3.582511 2.751083
3.534717 2.741671
3.496528 2.733212
3.458330 2.726536
3.429685 2.714548
3.382275 2.695932
3.344104 2.677498
3.305986 2.659435
3.267923 2.622232
3.239227 2.599621
3.172258 2.595663
3.124573 2.586193
3.067294 2.563276
3.019369 2.557106
2.952383 2.550850
2.904585 2.544556
2.856640 2.531366
2.799273 2.536259
2.751461 2.522421
2.713077 2.509651
2.655613 2.501316
2.598239 2.480135
2.550426 2.449942
2.492994 2.440023
2.445038 2.417355
2.387757 2.392483
2.339867 2.389297
2.282406 2.361431
2.224984 2.343826
2.177189 2.341537
2.138755 2.347202
2.090898 2.349558
2.071675 2.349682
2.042721 2.361145
2.023569 2.365236
2.013947 2.360039
1.994714 2.367144
2.004024 2.362051
1.994707 2.353554
2.004177 2.348099
1.994495 2.342243
2.004138 2.327566
2.004264 2.306919
2.004258 2.294760
1.994741 2.280645
1.994840 2.264948
1.985452 2.250795
1.966317 2.242146
1.956946 2.192698
1.947222 2.173262
1.918629 2.150478
1.899587 2.127123
1.880557 2.121401
1.861169 2.126904
1.842164 2.118282
1.813579 2.105341
1.803863 2.096004
1.784910 2.085629
1.765884 2.063856
1.765633 2.046833
1.746469 2.024260
1.727189 2.001562
1.717739 1.975603
1.698451 1.960468
1.679246 1.944427
1.650696 1.920557
1.631446 1.889763
1.612173 1.870966
1.583680 1.844206
1.554940 1.829901
1.526465 1.820164
1.497649 1.799002
1.469213 1.799250
1.449880 1.793604
1.411866 1.774836
1.402472 1.759367
1.364090 1.756678
1.344917 1.756516
1.326027 1.740170
1.297093 1.725731
1.268453 1.725950
1.249531 1.715097
1.249537 1.703749
1.230449 1.708803
1.211443 1.697006
1.192348 1.684446
1.182956 1.685104
1.163959 1.677647
1.145014 1.670561
1.145239 1.629534
1.126098 1.618843
1.116651 1.572008
1.116636 1.531315
1.087888 1.495857
1.078336 1.467552
1.068756 1.442585
1.039998 1.430101
1.020739 1.421585
1.001622 1.402216
0.991857 1.385431
0.981984 1.392679
0.953304 1.404457
0.934111 1.417322
0.924349 1.432705
0.905035 1.453409
0.895467 1.449194
0.000000 0.002031
0.000016 0.000000
0.000000 0.000563
0.000135 0.008879
0.000000 0.000000
0.000000 0.000000
0.000000 0.008535
0.000000 0.000000
0.000000 0.000000
0.000000 0.001078
0.000000 0.001812
0.000000 0.000000
0.000000 0.000601
0.000000 0.008612
0.000000 0.000000
0.000000 0.000000
0.000000 0.008688
0.000000 0.000000
0.000000 0.000000
0.000000 0.001097
0.000000 0.001497
0.000000 0.000000
0.000060 0.000610
0.000000 0.008411
0.000000 0.000000
0.000000 0.000000
0.000145 0.009003
0.000000 0.000000
0.000290 0.000000
0.000000 0.001211
0.000190 0.001307
0.000000 0.000000
0.000000 0.000620
0.000000 0.008278
0.000000 0.000000
0.000000 0.000000
0.000000 0.009251
0.000000 0.000000
0.000000 0.000000
0.000000 0.001364
0.000000 0.001154
0.000000 0.000000
0.000000 0.000639
0.000000 0.008068
0.000000 0.000000
0.000000 0.000000
0.000000 0.009403
0.000000 0.000000
0.000000 0.000000
0.000000 0.001431
0.000000 0.000925
0.000000 0.000000
0.000000 0.000629
0.000000 0.007744
0.000000 0.000000
0.000000 0.000000
0.000000 0.009708
0.000000 0.000000
0.000000 0.000000
0.000000 0.001640
0.000000 0.000763
0.000000 0.000000
0.000000 0.000648
0.000000 0.007563
0.000000 0.000000
0.000000 0.000000
0.000000 0.009842
0.000000 0.000000
0.000000 0.000000
0.000000 0.001831
0.000000 0.000620
0.000000 0.000000
0.000000 0.000648
0.000000 0.007343
0.000000 0.000000
0.000000 0.000000
0.000000 0.010042
0.000000 0.000000
0.000000 0.000000
0.000000 0.002022
0.000000 0.000410
0.000000 0.000000
0.000000 0.000648
0.000000 0.007114
0.000000 0.000000
0.000000 0.000000
0.000000 0.010166
0.000000 0.000000
0.000000 0.000000
0.000000 0.002260
0.000000 0.000343
0.000000 0.000000
0.000000 0.000639
0.000000 0.006838
0.000000 0.000000
0.000000 0.000000
0.000000 0.010214
0.000000 0.000000
0.000356 0.000000
0.000000 0.002508
0.000000 0.000219
0.000000 0.000000
0.000000 0.000639
0.000000 0.006561
0.000000 0.000000
0.000000 0.000000
0.000000 0.010290
0.000000 0.000000
0.000587 0.000000
0.000000 0.002756
0.000000 0.000038
0.000000 0.000000
0.000000 0.000648
0.000000 0.006170
0.000000 0.000000
0.000000 0.000000
0.001202 0.010214
0.010450 0.000000
0.010737 0.000000
0.000893 0.002975
0.000601 0.000000
0.019929 0.000000
0.029390 0.000620
0.029279 0.005922
0.029460 0.000000
0.048501 0.000000
0.029460 0.010185
0.029406 0.000000
0.029208 0.000000
0.029192 0.003281
0.010016 0.000000
0.009900 0.000000
0.009890 0.000601
0.009847 0.005627
0.009881 0.000000
0.000473 0.000000
0.000000 0.010223
0.000000 0.000000
0.000000 0.000000
0.000000 0.003624
0.000000 0.000000
0.000000 0.000000
0.000000 0.000601
0.000000 0.005341
0.000000 0.000000
0.000000 0.000000
0.000000 0.010185
0.000242 0.000000
0.000392 0.000000
0.000232 0.003939
0.009891 0.000000
0.010313 0.000000
0.019694 0.000620
0.029304 0.005045
0.029380 0.000000
0.048382 0.000038
0.039134 0.010166
0.038883 0.000000
0.038900 0.000000
0.038744 0.004339
0.038831 0.000000
0.038754 0.000000
0.048216 0.000610
0.048377 0.004730
0.048363 0.000000
0.048359 0.000105
0.048258 0.010090
0.048466 0.000000
0.048281 0.000000
0.038603 0.004702
0.048098 0.000000
0.038957 0.000000
0.038685 0.000620
0.028946 0.004425
0.038670 0.000000
0.057573 0.000172
0.048131 0.010004
0.048339 0.000000
0.048159 0.000000
0.048196 0.005083
0.057797 0.000000
0.048242 0.000000
0.048184 0.000639
0.057951 0.004148
0.057999 0.000000
0.048683 0.000257
0.048678 0.009909
0.038798 0.000000
0.039147 0.000000
0.029454 0.005484
0.010324 0.000000
0.010195 0.000000
0.010275 0.000648
0.000757 0.003834
0.000830 0.000000
0.010346 0.000286
0.010240 0.009832
0.010462 0.000000
0.019961 0.000000
0.010223 0.005865
0.020000 0.000000
0.010178 0.000000
0.010296 0.000668
0.019864 0.003567
0.010280 0.000000
0.010356 0.000362
0.010212 0.009689
0.010190 0.000000
0.029272 0.000000
0.019693 0.006247
0.009965 0.000000
0.019660 0.000000
0.029159 0.000696
0.019328 0.003271
0.009997 0.000000
0.009922 0.000420
0.009980 0.009594
0.000550 0.000000
0.019699 0.000000
0.000641 0.006647
0.000000 0.000000
0.000699 0.000000
0.000613 0.000725
0.000604 0.002975
0.000837 0.000000
0.010225 0.000420
0.009910 0.009394
0.029303 0.000000
0.038510 0.000000
0.048146 0.007057
0.048239 0.000000
0.048232 0.000000
0.038696 0.000763
0.038773 0.002718
0.048248 0.000000
0.048136 0.000467
0.038561 0.009279
0.038366 0.000000
0.038666 0.000000
0.038515 0.007439
0.019471 0.000000
0.029155 0.000000
0.029021 0.000801
0.029066 0.002451
0.010248 0.000000
0.019657 0.000496
0.010173 0.009136
0.010061 0.000000
0.019791 0.000000
0.010189 0.007801
0.000846 0.000000
0.020057 0.000000
0.019944 0.000858
0.019888 0.002184
0.019903 0.000000
0.029498 0.000525
0.029348 0.008955
0.039066 0.000000
0.038964 0.000000
0.029321 0.008135
0.019865 0.000000
0.019652 0.000000
0.019843 0.000916
0.019935 0.001936
0.010274 0.000000
0.000728 0.000553
0.010204 0.008774
0.000689 0.000000
0.010215 0.000000
0.010298 0.008459
0.000833 0.000000
0.000950 0.000000
0.000645 0.001001
0.000652 0.001678
0.000720 0.000000
0.010068 0.000582
0.010192 0.008583
0.010068 0.000000
0.029319 0.000000
0.029456 0.008764
0.029295 0.000000
0.038896 0.000000
0.038725 0.001087
0.038752 0.001469
0.029019 0.000000
0.028965 0.000582
0.009925 0.008392
0.009690 0.000000
0.000000 0.000000
0.000000 0.009012
0.000000 0.000000
0.000000 0.000000
0.000000 0.001183
0.000000 0.001268
0.000000 0.000000
0.000000 0.000553
0.000000 0.008183
0.000000 0.000000
0.000000 0.000000
0.000000 0.009298
0.000000 0.000000
0.000000 0.000000
0.000000 0.001307
0.000000 0.001078
0.000000 0.000000
0.000000 0.000572
0.000000 0.007935
0.000499 0.000000
0.000513 0.000000
0.000340 0.009518
0.000607 0.000000
0.019567 0.000000
0.019461 0.001459
0.019644 0.000896
0.038522 0.000000
0.038458 0.000563
0.038757 0.007734
0.047994 0.000000
0.067293 0.000000
0.067316 0.009651
0.076917 0.000000
0.076857 0.000000
0.086394 0.001593
0.105275 0.000706
0.095807 0.000000
0.105285 0.000553
0.114727 0.007496
0.114669 0.000000
0.133438 0.000000
0.142925 0.009813
0.162190 0.000000
0.181032 0.000000
0.190761 0.001783
0.200192 0.000563
0.200084 0.000000
0.219242 0.000563
0.219102 0.007210
0.219153 0.000000
0.219164 0.000000
0.209733 0.009937
0.209808 0.000000
0.209873 0.000000
0.200309 0.001974
0.200530 0.000410
0.210263 0.000000
0.210570 0.000563
0.220187 0.006952
0.229916 0.000000
0.249288 0.000000
0.249564 0.010023
0.268775 0.000000
0.287665 0.000000
0.297373 0.002184
0.316350 0.000267
0.335572 0.000000
0.364222 0.000563
0.373730 0.006676
0.392852 0.000000
0.421334 0.000000
0.430842 0.010128
0.430875 0.000000
0.449899 0.000000
0.459490 0.002451
0.459320 0.000200
0.468716 0.000000
0.497528 0.000296
0.506855 0.006618
0.526148 0.000000
0.554842 0.000000
0.583413 0.010481
0.612325 0.000000
0.631527 0.143824
0.669607 0.268831
0.708096 0.362225
0.746611 0.417929
0.785285 0.554428
0.823554 0.665035
0.871837 0.682373
0.910196 0.751028
0.939152 0.811024
0.987110 0.860958
1.025530 0.925293
1.073554 0.972843
1.111811 1.027660
1.150262 1.114941
1.198056 1.212835
1.245987 1.294641
1.293800 1.317148
1.351109 1.371679
1.389394 1.452456
1.446579 1.507282
1.494361 1.551476
1.551346 1.638899
1.598986 1.681662
1.665907 1.728296
1.742341 1.775885
1.799359 1.843100
1.866247 1.872301
1.923452 1.887121
1.990016 1.945496
2.047106 1.999636
2.113722 2.064323
2.180322 2.117519
2.246694 2.156181
2.322982 2.204514
2.379825 2.234221
2.436555 2.257490
2.512535 2.283154
2.588519 2.309952
2.674198 2.343788
2.769465 2.404346
2.874306 2.464037
2.998074 2.530689
3.121855 2.581720
3.274640 2.607327
3.427095 2.639446
3.570220 2.656813
3.742284 2.676077
3.914178 2.693844
4.066982 2.709856
4.220106 2.722330
4.382591 2.742863
4.525811 2.772694
4.678729 2.778635
4.841325 2.799549
4.994133 2.823076
5.137473 2.850571
5.300332 2.868271
5.452906 2.889166
5.615503 2.904491
5.768186 2.908792
5.940114 2.916889
6.092633 2.926674
6.226210 2.941179
6.378631 2.952166
6.521470 2.963762
6.654791 2.974253
6.778361 2.979889
6.901949 2.994928
7.025252 3.005362
7.139401 3.008089
7.262685 3.014908
7.376384 3.031178
7.480552 3.038979
7.613484 3.050470
7.727178 3.060446
7.841073 3.078413
7.973991 3.092794
8.106918 3.104391
8.230576 3.115644
8.363570 3.123779
8.506482 3.137808
8.649075 3.152637
8.801416 3.167229
8.944612 3.171024
9.116261 3.185339
9.297344 3.195219
9.488345 3.200283
9.650770 3.207254
9.841486 3.218555
10.004118 3.222198
10.166529 3.232756
10.347899 3.242283
10.519926 3.252401
10.692272 3.258944
10.854798 3.271952
11.027003 3.277340
11.199345 3.284321
11.362056 3.292913
11.544041 3.306541
11.706846 3.308229
11.888710 3.314734
12.051389 3.321571
12.223839 3.322763
12.386717 3.327293
12.549489 3.331766
12.702779 3.336716
12.846831 3.342171
13.000056 3.351469
13.124626 3.362331
13.268752 3.364830
13.403085 3.369112
13.537356 3.376026
13.671859 3.377504
13.806272 3.380804
13.940393 3.390894
14.065400 3.394508
14.180657 3.391438
14.295948 3.396215
14.392331 3.403940
14.507963 3.402596
14.613811 3.407946
14.691087 3.415318
14.787556 3.416719
14.865087 3.422050
14.952132 3.430080
15.048690 3.439302
15.173796 3.443193
15.298703 3.453894
15.432962 3.460741
15.595797 3.462257
15.748767 3.464451
15.920779 3.473215
16.082938 3.475132
16.254823 3.475285
16.397538 3.480177
16.549933 3.482084
16.683237 3.481703
16.825866 3.485765
16.939830 3.489180
17.063484 3.490725
17.206270 3.492794
17.320311 3.498802
17.443948 3.496761
17.567411 3.497467
17.690811 3.503819
17.795443 3.506136
17.909681 3.504591
18.014195 3.510284
18.109188 3.515272
18.223507 3.514147
18.328316 3.519268
18.404596 3.525620
18.499928 3.525896
18.595603 3.527250
18.671966 3.533621
18.739177 3.536406
18.834978 3.535728
18.902123 3.542471
18.978790 3.547354
19.046121 3.546724
19.103568 3.549337
19.180388 3.553629
19.237978 3.558054
19.305005 3.558140
19.371900 3.562469
19.429252 3.563929
19.496313 3.562813
19.563130 3.566322
19.630043 3.570080
19.677667 3.569345
19.744660 3.570662
19.791959 3.573914
19.839445 3.572073
19.887064 3.570957
19.925153 3.574171
19.972589 3.576393
19.991569 3.574448
20.029676 3.579140
20.058129 3.582144
20.096292 3.577967
20.153410 3.579340
20.201064 3.583612
20.248823 3.582172
20.306021 3.581991
20.353433 3.585453
20.401015 3.588104
20.429529 3.586979
20.467574 3.591099
20.495946 3.594379
20.524595 3.592234
20.572083 3.592129
20.581529 3.596363
20.629136 3.595877
20.676883 3.595953
20.724453 3.600082
20.800377 3.601637
20.857541 3.601665
20.923919 3.604679
20.980993 3.607559
21.037989 3.608122
21.085403 3.610840
21.161373 3.615875
21.209008 3.615208
21.285090 3.614712
21.351643 3.618202
21.417820 3.618336
21.475125 3.617058
21.541436 3.620701
21.598431 3.622780
21.655662 3.621025
21.712809 3.621302
21.741329 3.624935
21.779257 3.627701
21.807922 3.627062
21.826901 3.630037
21.845948 3.631239
21.884209 3.630104
21.903295 3.633423
21.931781 3.635511
21.941516 3.633480
21.979375 3.634577
21.979224 3.637371
21.988753 3.635836
22.007731 3.634424
21.997711 3.636694
22.026137 3.637037
22.016531 3.634844
22.015814 3.637400
22.025028 3.640184
22.034296 3.638477
22.052737 3.640490
22.042491 3.645525
22.051610 3.645124
22.069909 3.644848
22.107532 3.648338
22.135462 3.648634
22.182650 3.647652
22.239327 3.651714
22.286447 3.655167
22.343150 3.653584
22.390330 3.654585
22.428029 3.658648
22.466008 3.656082
22.503998 3.655243
22.522746 3.658037
22.551240 3.658619
22.551210 3.656483
22.560527 3.659544
22.560702 3.661690
22.579726 3.659964
22.579639 3.661470
22.589004 3.665056
22.589048 3.663330
22.588883 3.663387
22.598211 3.666105
22.617137 3.665380
22.626669 3.663597
22.636054 3.666792
22.655107 3.668728
22.664549 3.666887
22.673663 3.667526
22.663838 3.670092
22.654153 3.668251
22.644373 3.667011
22.634554 3.669176
22.615312 3.668509
22.595995 3.667488
22.595816 3.671074
22.605141 3.673563
22.624065 3.671417
22.662214 3.672581
22.671674 3.676224
22.709886 3.674603
22.757652 3.675356
22.795891 3.678284
22.834076 3.678408
22.882184 3.676224
22.910644 3.678274
22.949000 3.680010
22.968299 3.678007
23.016148 3.679504
23.006471 3.681755
23.006711 3.679247
23.016422 3.678217
22.997279 3.681126
22.988040 3.680315
22.949898 3.678102
22.940252 3.680935
22.892611 3.682327
22.854418 3.680696
22.815811 3.681259
22.758235 3.683243
22.691079 3.679943
22.623795 3.678875
22.537245 3.680611
22.450846 3.679428
22.355061 3.677263
22.268594 3.679914
22.163147 3.681011
22.077126 3.678589
21.981354 3.679056
21.885914 3.681335
21.790452 3.678341
21.695063 3.676682
21.599692 3.678360
21.504525 3.676424
21.399941 3.672390
21.285407 3.673038
21.161430 3.672514
21.037591 3.669863
20.913651 3.670607
20.770616 3.672676
20.627817 3.667974
20.475367 3.664551
20.313061 3.664360
20.150786 3.657913
19.979369 3.653135
19.798072 3.652477
19.616832 3.651428
19.435823 3.647070
19.254296 3.646049
19.073114 3.646469
18.892241 3.641577
18.739728 3.634520
18.577654 3.636570
18.425098 3.635473
18.272499 3.633108
18.158198 3.635893
18.034233 3.634081
17.939094 3.627987
17.843571 3.626766
17.748181 3.626919
17.672237 3.620014
17.586481 3.610220
17.500588 3.601637
17.376919 3.592854
17.301210 3.581305
17.177853 3.576107
17.026079 3.564510
16.864935 3.555374
16.675771 3.547297
16.448485 3.541803
16.211914 3.538084
15.965886 3.537025
15.719838 3.541994
15.454871 3.542967
15.218537 3.541679
15.000969 3.548565
14.812136 3.552446
14.661666 3.550329
14.529916 3.551760
14.426550 3.551369
14.342555 3.545589
14.267470 3.541431
14.211267 3.538237
14.126003 3.533659
14.059711 3.526716
13.983588 3.521919
13.888287 3.515358
13.783202 3.506765
13.668079 3.502922
13.533790 3.498116
13.380216 3.489342
13.217061 3.489132
13.063029 3.493347
12.899330 3.490562
12.745055 3.486443
12.590864 3.487864
12.436291 3.485432
12.310984 3.478918
12.175437 3.477640
12.059235 3.476725
11.943332 3.468933
11.827502 3.458462
11.711752 3.455257
11.586429 3.447170
11.461255 3.433552
11.336460 3.424931
11.202003 3.416796
11.058162 3.403425
10.904799 3.400450
10.751153 3.400669
10.607704 3.397732
10.444897 3.396149
10.291506 3.396816
10.148269 3.391571
10.023567 3.382702
9.898890 3.376379
9.784008 3.365364
9.659714 3.352327
9.554414 3.347111
9.449261 3.334990
9.334511 3.323650
9.229338 3.313971
9.123953 3.310394
8.999893 3.295670
8.885346 3.281918
8.760687 3.274803
8.627050 3.265553
8.502933 3.263388
8.359606 3.271179
8.245001 3.278809
8.120923 3.277216
8.035240 3.276625
7.939884 3.275614
7.863704 3.267708
7.806619 3.256884
7.739881 3.247328
7.683008 3.234968
7.625631 3.220978
7.577930 3.213100
7.511238 3.201437
7.463499 3.190050
7.405947 3.178968
7.329119 3.171377
7.252646 3.151417
7.166606 3.138962
7.061386 3.129168
6.955973 3.122911
6.851004 3.109026
6.736289 3.105297
6.593270 3.096724
6.468914 3.077278
6.335615 3.059702
6.192411 3.053064
6.049370 3.041334
5.925656 3.036766
5.801734 3.035583
5.677789 3.032551
5.573243 3.022442
5.478062 3.018532
5.382951 3.012667
5.307080 2.996473
5.221784 2.980051
5.155266 2.960911
5.088962 2.940578
5.032675 2.920284
4.966541 2.906513
4.909960 2.890854
4.843887 2.874298
4.778167 2.866144
4.702521 2.866020
4.636582 2.858372
4.570576 2.858267
4.494867 2.858763
4.429105 2.848377
4.362995 2.840033
4.296802 2.838392
4.230497 2.824926
4.174041 2.803936
4.107781 2.786293
4.040875 2.770872
3.983977 2.750340
3.926690 2.739077
3.859977 2.736206
3.802477 2.724943
3.735749 2.701969
3.668697 2.675219
3.611294 2.650023
3.525060 2.626705
3.448636 2.608538
3.362434 2.596502
3.285894 2.583179
3.209232 2.570925
3.132362 2.572031
3.055796 2.556601
2.998073 2.550325
2.921228 2.547321
2.873137 2.545300
2.815618 2.538481
2.767444 2.538633
2.709918 2.541571
2.680995 2.524509
2.652051 2.516546
2.594326 2.494717
2.574773 2.471399
2.536446 2.439175
2.498166 2.430534
2.459493 2.413473
2.430805 2.396593
2.382973 2.387247
2.353956 2.381182
2.315676 2.370300
2.286981 2.364264
2.248368 2.363930
2.210067 2.346287
2.190966 2.339973
2.162214 2.329702
2.123916 2.300615
2.104924 2.273493
2.076089 2.237778
2.037777 2.221537
2.018715 2.182531
1.980365 2.152405
1.951765 2.134047
1.923152 2.075281
1.884707 2.062941
1.855874 2.022305
1.798648 2.003937
1.760219 1.969604
1.721653 1.958208
1.673673 1.907539
1.635568 1.902800
1.597326 1.888819
1.568450 1.909389
1.530003 1.898832
1.491593 1.876888
1.462703 1.871786
1.434198 1.859798
1.405215 1.840477
1.385858 1.825924
1.347484 1.820459
1.328048 1.800594
1.308637 1.795349
1.279707 1.789656
1.260521 1.777239
1.231663 1.761808
1.212296 1.757975
1.192843 1.753426
1.183261 1.740150
1.173606 1.733551
1.154432 1.723728
1.135013 1.713352
1.125462 1.715765
1.125236 1.726389
1.115385 1.732340
1.115352 1.725330
1.095807 1.730385
1.095788 1.724453
1.095615 1.696358
1.076445 1.687927
1.076525 1.667652
1.057370 1.643715
1.076430 1.630020
1.047761 1.614084
1.028666 1.592474
1.019240 1.575203
0.999993 1.575747
0.990594 1.569166
0.961890 1.559734
0.952293 1.565180
0.942838 1.567945
0.933312 1.558905
0.914406 1.554813
0.904746 1.555691
0.885715 1.537609
0.895542 1.520672
0.876303 1.492920
0.876680 1.466665
0.876593 1.456184
0.857538 1.437550
0.857522 1.430454
0.828968 1.410799
0.829007 1.398535
0.800123 1.402302
0.790454 1.391649
0.780746 1.379099
0.771259 1.357450
0.761486 1.343002
0.761606 1.312008
0.751819 1.307077
0.742070 1.291246
0.732530 1.267767
0.732393 1.243734
0.722349 1.225481
0.712995 1.200495
0.703277 1.177673
0.693352 1.158381
0.693288 1.132164
0.674109 1.128016
0.664402 1.143045
0.654556 1.148586
0.635455 1.136379
0.635474 1.148062
0.616367 1.159325
0.616255 1.145134
0.616273 1.138287
0.616294 1.136675
0.616221 1.130133
0.616621 1.123438
0.616621 1.110830
0.607267 1.084356
0.607014 1.059942
0.597529 1.047649
0.587992 1.054249
0.588206 1.015501
0.578746 0.992041
0.578796 0.942373
0.559536 0.936947
0.559794 0.909367
0.559473 0.909519
0.550129 0.922499
0.559736 0.893602
0.559623 0.888662
0.559793 0.893831
0.550246 0.879774
0.550150 0.864840
0.550181 0.884781
0.550167 0.876713
0.550406 0.849342
0.540479 0.842810
0.540654 0.864840
0.521526 0.812693
0.512018 0.803871
0.492907 0.805511
0.483195 0.767221
0.483248 0.747519
0.473521 0.762205
0.473478 0.720253
0.454249 0.659828
0.435289 0.617952
0.435232 0.621710
0.425700 0.612297
0.406526 0.564909
0.397114 0.649395
0.396990 0.696058
0.406441 0.723505
0.415999 0.760221
0.425637 0.782585
0.444721 0.761223
0.463820 0.785007
0.483015 0.793133
0.502134 0.797615
0.531017 0.787888
0.530755 0.770645
0.540440 0.751715
0.569253 0.588398
0.559560 0.472660
0.569181 0.346279
0.559323 0.142317
0.559740 0.076370
0.549838 0.003767
0.549851 0.000000
0.530595 0.000315
0.530645 0.009766
0.511480 0.004473
0.502012 0.021629
0.482838 0.022316
0.463783 0.004730
0.454361 0.000000
0.444573 0.000706
0.425595 0.003529
0.406477 0.000000
0.406388 0.000372
0.377772 0.009651
0.368374 0.000000
0.358752 0.000000
0.339776 0.006609
0.320423 0.000000
0.320269 0.000000
0.320376 0.000715
0.310739 0.003223
0.310786 0.000000
0.320284 0.000401
0.310737 0.009251
0.301073 0.000000
0.300935 0.000000
0.291680 0.006762
0.282021 0.000000
0.272426 0.000000
0.272523 0.000772
0.282037 0.003099
0.272474 0.000000
0.291670 0.000458
0.291375 0.009403
0.310271 0.000000
0.329281 0.000000
0.338671 0.007277
0.338543 0.000000
0.347902 0.000000
0.366926 0.000792
0.376430 0.002737
0.385897 0.000000
0.395144 0.000477
0.395286 0.009079
0.404567 0.000000
0.414206 0.000000
0.414156 0.007410
0.423692 0.000000
0.423826 0.000000
0.423890 0.000820
0.414332 0.002403
0.404994 0.000000
0.405191 0.000486
0.395633 0.008850
0.386113 0.000000
0.386302 0.000000
0.357957 0.007677
0.348514 0.000000
0.329633 0.000000
0.320123 0.000877
0.310807 0.002193
0.291936 0.000000
0.282560 0.000505
0.263636 0.008726
0.254250 0.000000
