0.000000 0.002031
0.000016 0.000000
0.000000 0.000563
0.000135 0.008879
0.000000 0.000000
0.000000 0.000000
0.000000 0.008535
0.000000 0.000000
0.000000 0.000000
0.000000 0.001078
0.000000 0.001812
0.000000 0.000000
0.000000 0.000601
0.000000 0.008612
0.000000 0.000000
0.000000 0.000000
0.000000 0.008688
0.000000 0.000000
0.000000 0.000000
0.000000 0.001097
0.000000 0.001497
0.000000 0.000000
0.000060 0.000610
0.000000 0.008411
0.000000 0.000000
0.000000 0.000000
0.000145 0.009003
0.000000 0.000000
0.000290 0.000000
0.000000 0.001211
0.000190 0.001307
0.000000 0.000000
0.000000 0.000620
0.000000 0.008278
0.000000 0.000000
0.000000 0.000000
0.000000 0.009251
0.000000 0.000000
0.000000 0.000000
0.000000 0.001364
0.000000 0.001154
0.000000 0.000000
0.000000 0.000639
0.000000 0.008068
0.000000 0.000000
0.000000 0.000000
0.000000 0.009403
0.000000 0.000000
0.000000 0.000000
0.000000 0.001431
0.000000 0.000925
0.000000 0.000000
0.000000 0.000629
0.000000 0.007744
0.000000 0.000000
0.000000 0.000000
0.000000 0.009708
0.000000 0.000000
0.000000 0.000000
0.000000 0.001640
0.000000 0.000763
0.000000 0.000000
0.000000 0.000648
0.000000 0.007563
0.000000 0.000000
0.000000 0.000000
0.000000 0.009842
0.000000 0.000000
0.000000 0.000000
0.000000 0.001831
0.000000 0.000620
0.000000 0.000000
0.000000 0.000648
0.000000 0.007343
0.000000 0.000000
0.000000 0.000000
0.000000 0.010042
0.000000 0.000000
0.000000 0.000000
0.000000 0.002022
0.000000 0.000410
0.000000 0.000000
0.000000 0.000648
0.000000 0.007114
0.000000 0.000000
0.000000 0.000000
0.000000 0.010166
0.000000 0.000000
0.000000 0.000000
0.000000 0.002260
0.000000 0.000343
0.000000 0.000000
0.000000 0.000639
0.000000 0.006838
0.000000 0.000000
0.000000 0.000000
0.000000 0.010214
0.000000 0.000000
0.000356 0.000000
0.000000 0.002508
0.000000 0.000219
0.000000 0.000000
0.000000 0.000639
0.000000 0.006561
0.000000 0.000000
0.000000 0.000000
0.000000 0.010290
0.000000 0.000000
0.000587 0.000000
0.000000 0.002756
0.000000 0.000038
0.000000 0.000000
0.000000 0.000648
0.000000 0.006170
0.000000 0.000000
0.000000 0.000000
0.001202 0.010214
0.010450 0.000000
0.010737 0.000000
0.000893 0.002975
0.000601 0.000000
0.019929 0.000000
0.029390 0.000620
0.029279 0.005922
0.029460 0.000000
0.048501 0.000000
0.029460 0.010185
0.029406 0.000000
0.029208 0.000000
0.029192 0.003281
0.010016 0.000000
0.009900 0.000000
0.009890 0.000601
0.009847 0.005627
0.009881 0.000000
0.000473 0.000000
0.000000 0.010223
0.000000 0.000000
0.000000 0.000000
0.000000 0.003624
0.000000 0.000000
0.000000 0.000000
0.000000 0.000601
0.000000 0.005341
0.000000 0.000000
0.000000 0.000000
0.000000 0.010185
0.000242 0.000000
0.000392 0.000000
0.000232 0.003939
0.009891 0.000000
0.010313 0.000000
0.019694 0.000620
0.029304 0.005045
0.029380 0.000000
0.048382 0.000038
0.039134 0.010166
0.038883 0.000000
0.038900 0.000000
0.038744 0.004339
0.038831 0.000000
0.038754 0.000000
0.048216 0.000610
0.048377 0.004730
0.048363 0.000000
0.048359 0.000105
0.048258 0.010090
0.048466 0.000000
0.048281 0.000000
0.038603 0.004702
0.048098 0.000000
0.038957 0.000000
0.038685 0.000620
0.028946 0.004425
0.038670 0.000000
0.057573 0.000172
0.048131 0.010004
0.048339 0.000000
0.048159 0.000000
0.048196 0.005083
0.057797 0.000000
0.048242 0.000000
0.048184 0.000639
0.057951 0.004148
0.057999 0.000000
0.048683 0.000257
0.048678 0.009909
0.038798 0.000000
0.039147 0.000000
0.029454 0.005484
0.010324 0.000000
0.010195 0.000000
0.010275 0.000648
0.000757 0.003834
0.000830 0.000000
0.010346 0.000286
0.010240 0.009832
0.010462 0.000000
0.019961 0.000000
0.010223 0.005865
0.020000 0.000000
0.010178 0.000000
0.010296 0.000668
0.019864 0.003567
0.010280 0.000000
0.010356 0.000362
0.010212 0.009689
0.010190 0.000000
0.029272 0.000000
0.019693 0.006247
0.009965 0.000000
0.019660 0.000000
0.029159 0.000696
0.019328 0.003271
0.009997 0.000000
0.009922 0.000420
0.009980 0.009594
0.000550 0.000000
0.019699 0.000000
0.000641 0.006647
0.000000 0.000000
0.000699 0.000000
0.000613 0.000725
0.000604 0.002975
0.000837 0.000000
0.010225 0.000420
0.009910 0.009394
0.029303 0.000000
0.038510 0.000000
0.048146 0.007057
0.048239 0.000000
0.048232 0.000000
0.038696 0.000763
0.038773 0.002718
0.048248 0.000000
0.048136 0.000467
0.038561 0.009279
0.038366 0.000000
0.038666 0.000000
0.038515 0.007439
0.019471 0.000000
0.029155 0.000000
0.029021 0.000801
0.029066 0.002451
0.010248 0.000000
0.019657 0.000496
0.010173 0.009136
0.010061 0.000000
0.019791 0.000000
0.010189 0.007801
0.000846 0.000000
0.020057 0.000000
0.019944 0.000858
0.019888 0.002184
0.019903 0.000000
0.029498 0.000525
0.029348 0.008955
0.039066 0.000000
0.038964 0.000000
0.029321 0.008135
0.019865 0.000000
0.019652 0.000000
0.019843 0.000916
0.019935 0.001936
0.010274 0.000000
0.000728 0.000553
0.010204 0.008774
0.000689 0.000000
0.010215 0.000000
0.010298 0.008459
0.000833 0.000000
0.000950 0.000000
0.000645 0.001001
0.000652 0.001678
0.000720 0.000000
0.010068 0.000582
0.010192 0.008583
0.010068 0.000000
0.029319 0.000000
0.029456 0.008764
0.029295 0.000000
0.038896 0.000000
0.038725 0.001087
0.038752 0.001469
0.029019 0.000000
0.028965 0.000582
0.009925 0.008392
0.009690 0.000000
0.000000 0.000000
0.000000 0.009012
0.000000 0.000000
0.000000 0.000000
0.000000 0.001183
0.000000 0.001268
0.000000 0.000000
0.000000 0.000553
0.000000 0.008183
0.000000 0.000000
0.000000 0.000000
0.000000 0.009298
0.000000 0.000000
0.000000 0.000000
0.000000 0.001307
0.000000 0.001078
0.000000 0.000000
0.000000 0.000572
0.000000 0.007935
0.000499 0.000000
0.000513 0.000000
0.000340 0.009518
0.000607 0.000000
0.019567 0.000000
0.019461 0.001459
0.019644 0.000896
0.038522 0.000000
0.038458 0.000563
0.038757 0.007734
0.047994 0.000000
0.067293 0.000000
0.067316 0.009651
0.076917 0.000000
0.076857 0.000000
0.086394 0.001593
0.105275 0.000706
0.095807 0.000000
0.105285 0.000553
0.114727 0.007496
0.114669 0.000000
0.133438 0.000000
0.142925 0.009813
0.162190 0.000000
0.181032 0.000000
0.190761 0.001783
0.200192 0.000563
0.200084 0.000000
0.219242 0.000563
0.219102 0.007210
0.219153 0.000000
0.219164 0.000000
0.209733 0.009937
0.209808 0.000000
0.209873 0.000000
0.200309 0.001974
0.200530 0.000410
0.210263 0.000000
0.210570 0.000563
0.220187 0.006952
0.229916 0.000000
0.249288 0.000000
0.249564 0.010023
0.268775 0.000000
0.287665 0.000000
0.297373 0.002184
0.316350 0.000267
0.335572 0.000000
0.364222 0.000563
0.373730 0.006676
0.392852 0.000000
0.421334 0.000000
0.430842 0.010128
0.430875 0.000000
0.449899 0.000000
0.459490 0.002451
0.459320 0.000200
0.468716 0.000000
0.497528 0.000296
0.506855 0.006618
0.526148 0.000000
0.554842 0.000000
0.583413 0.010481
0.612325 0.000000
0.631527 0.143824
0.669607 0.268831
0.708096 0.362225
0.746611 0.417929
0.785285 0.554428
0.823554 0.665035
0.871837 0.682373
0.910196 0.751028
0.939152 0.811024
0.987110 0.860958
1.025530 0.925293
1.073554 0.972843
1.111811 1.027660
1.150262 1.114941
1.198056 1.212835
1.245987 1.294641
1.293800 1.317148
1.351109 1.371679
1.389394 1.452456
1.446579 1.507282
1.494361 1.551476
1.551346 1.638899
1.598986 1.681662
1.665907 1.728296
1.742341 1.775885
1.799359 1.843100
1.866247 1.872301
1.923452 1.887121
1.990016 1.945496
2.047106 1.999636
2.113722 2.064323
2.180322 2.117519
2.246694 2.156181
2.322982 2.204514
2.379825 2.234221
2.436555 2.257490
2.512535 2.283154
2.588519 2.309952
2.674198 2.343788
2.769465 2.404346
2.874306 2.464037
2.998074 2.530689
3.121855 2.581720
3.274640 2.607327
3.427095 2.639446
3.570220 2.656813
3.742284 2.676077
3.914178 2.693844
4.066982 2.709856
4.220106 2.722330
4.382591 2.742863
4.525811 2.772694
4.678729 2.778635
4.841325 2.799549
4.994133 2.823076
5.137473 2.850571
5.300332 2.868271
5.452906 2.889166
5.615503 2.904491
5.768186 2.908792
5.940114 2.916889
6.092633 2.926674
6.226210 2.941179
6.378631 2.952166
6.521470 2.963762
6.654791 2.974253
6.778361 2.979889
6.901949 2.994928
7.025252 3.005362
7.139401 3.008089
7.262685 3.014908
7.376384 3.031178
7.480552 3.038979
7.613484 3.050470
7.727178 3.060446
7.841073 3.078413
7.973991 3.092794
8.106918 3.104391
8.230576 3.115644
8.363570 3.123779
8.506482 3.137808
8.649075 3.152637
8.801416 3.167229
8.944612 3.171024
9.116261 3.185339
9.297344 3.195219
9.488345 3.200283
9.650770 3.207254
9.841486 3.218555
10.004118 3.222198
10.166529 3.232756
10.347899 3.242283
10.519926 3.252401
10.692272 3.258944
10.854798 3.271952
11.027003 3.277340
11.199345 3.284321
11.362056 3.292913
11.544041 3.306541
11.706846 3.308229
11.888710 3.314734
12.051389 3.321571
12.223839 3.322763
12.386717 3.327293
12.549489 3.331766
12.702779 3.336716
12.846831 3.342171
13.000056 3.351469
13.124626 3.362331
13.268752 3.364830
13.403085 3.369112
13.537356 3.376026
13.671859 3.377504
13.806272 3.380804
13.940393 3.390894
14.065400 3.394508
14.180657 3.391438
14.295948 3.396215
14.392331 3.403940
14.507963 3.402596
14.613811 3.407946
14.691087 3.415318
14.787556 3.416719
14.865087 3.422050
14.952132 3.430080
15.048690 3.439302
15.173796 3.443193
15.298703 3.453894
15.432962 3.460741
15.595797 3.462257
15.748767 3.464451
15.920779 3.473215
16.082938 3.475132
16.254823 3.475285
16.397538 3.480177
16.549933 3.482084
16.683237 3.481703
16.825866 3.485765
16.939830 3.489180
17.063484 3.490725
17.206270 3.492794
17.320311 3.498802
17.443948 3.496761
17.567411 3.497467
17.690811 3.503819
17.795443 3.506136
17.909681 3.504591
18.014195 3.510284
18.109188 3.515272
18.223507 3.514147
18.328316 3.519268
18.404596 3.525620
18.499928 3.525896
18.595603 3.527250
18.671966 3.533621
18.739177 3.536406
18.834978 3.535728
18.902123 3.542471
18.978790 3.547354
19.046121 3.546724
19.103568 3.549337
19.180388 3.553629
19.237978 3.558054
19.305005 3.558140
19.371900 3.562469
19.429252 3.563929
19.496313 3.562813
19.563130 3.566322
19.630043 3.570080
19.677667 3.569345
19.744660 3.570662
19.791959 3.573914
19.839445 3.572073
19.887064 3.570957
19.925153 3.574171
19.972589 3.576393
19.991569 3.574448
20.029676 3.579140
20.058129 3.582144
20.096292 3.577967
20.153410 3.579340
20.201064 3.583612
20.248823 3.582172
20.306021 3.581991
20.353433 3.585453
20.401015 3.588104
20.429529 3.586979
20.467574 3.591099
20.495946 3.594379
20.524595 3.592234
20.572083 3.592129
20.581529 3.596363
20.629136 3.595877
20.676883 3.595953
20.724453 3.600082
20.800377 3.601637
20.857541 3.601665
20.923919 3.604679
20.980993 3.607559
21.037989 3.608122
21.085403 3.610840
21.161373 3.615875
21.209008 3.615208
21.285090 3.614712
21.351643 3.618202
21.417820 3.618336
21.475125 3.617058
21.541436 3.620701
21.598431 3.622780
21.655662 3.621025
21.712809 3.621302
21.741329 3.624935
21.779257 3.627701
21.807922 3.627062
21.826901 3.630037
21.845948 3.631239
21.884209 3.630104
21.903295 3.633423
21.931781 3.635511
21.941516 3.633480
21.979375 3.634577
21.979224 3.637371
21.988753 3.635836
22.007731 3.634424
21.997711 3.636694
22.026137 3.637037
22.016531 3.634844
22.015814 3.637400
22.025028 3.640184
22.034296 3.638477
22.052737 3.640490
22.042491 3.645525
22.051610 3.645124
22.069909 3.644848
22.107532 3.648338
22.135462 3.648634
22.182650 3.647652
22.239327 3.651714
22.286447 3.655167
22.343150 3.653584
22.390330 3.654585
22.428029 3.658648
22.466008 3.656082
22.503998 3.655243
22.522746 3.658037
22.551240 3.658619
22.551210 3.656483
22.560527 3.659544
22.560702 3.661690
22.579726 3.659964
22.579639 3.661470
22.589004 3.665056
22.589048 3.663330
22.588883 3.663387
22.598211 3.666105
22.617137 3.665380
22.626669 3.663597
22.636054 3.666792
22.655107 3.668728
22.664549 3.666887
22.673663 3.667526
22.663838 3.670092
22.654153 3.668251
22.644373 3.667011
22.634554 3.669176
22.615312 3.668509
22.595995 3.667488
22.595816 3.671074
22.605141 3.673563
22.624065 3.671417
22.662214 3.672581
22.671674 3.676224
22.709886 3.674603
22.757652 3.675356
22.795891 3.678284
22.834076 3.678408
22.882184 3.676224
22.910644 3.678274
22.949000 3.680010
22.968299 3.678007
23.016148 3.679504
23.006471 3.681755
23.006711 3.679247
23.016422 3.678217
22.997279 3.681126
22.988040 3.680315
22.949898 3.678102
22.940252 3.680935
22.892611 3.682327
22.854418 3.680696
22.815811 3.681259
22.758235 3.683243
22.691079 3.679943
22.623795 3.678875
22.537245 3.680611
22.450846 3.679428
22.355061 3.677263
22.268594 3.679914
22.163147 3.681011
22.077126 3.678589
21.981354 3.679056
21.885914 3.681335
21.790452 3.678341
21.695063 3.676682
21.599692 3.678360
21.504525 3.676424
21.399941 3.672390
21.285407 3.673038
21.161430 3.672514
21.037591 3.669863
20.913651 3.670607
20.770616 3.672676
20.627817 3.667974
20.475367 3.664551
20.313061 3.664360
20.150786 3.657913
19.979369 3.653135
19.798072 3.652477
19.616832 3.651428
19.435823 3.647070
19.254296 3.646049
19.073114 3.646469
18.892241 3.641577
18.739728 3.634520
18.577654 3.636570
18.425098 3.635473
18.272499 3.633108
18.158198 3.635893
18.034233 3.634081
17.939094 3.627987
17.843571 3.626766
17.748181 3.626919
17.672237 3.620014
17.586481 3.610220
17.500588 3.601637
17.376919 3.592854
17.301210 3.581305
17.177853 3.576107
17.026079 3.564510
16.864935 3.555374
16.675771 3.547297
16.448485 3.541803
16.211914 3.538084
15.965886 3.537025
15.719838 3.541994
15.454871 3.542967
15.218537 3.541679
15.000969 3.548565
14.812136 3.552446
14.661666 3.550329
14.529916 3.551760
14.426550 3.551369
14.342555 3.545589
14.267470 3.541431
14.211267 3.538237
14.126003 3.533659
14.059711 3.526716
13.983588 3.521919
13.888287 3.515358
13.783202 3.506765
13.668079 3.502922
13.533790 3.498116
13.380216 3.489342
13.217061 3.489132
13.063029 3.493347
12.899330 3.490562
12.745055 3.486443
12.590864 3.487864
12.436291 3.485432
12.310984 3.478918
12.175437 3.477640
12.059235 3.476725
11.943332 3.468933
11.827502 3.458462
11.711752 3.455257
11.586429 3.447170
11.461255 3.433552
11.336460 3.424931
11.202003 3.416796
11.058162 3.403425
10.904799 3.400450
10.751153 3.400669
10.607704 3.397732
10.444897 3.396149
10.291506 3.396816
10.148269 3.391571
10.023567 3.382702
9.898890 3.376379
9.784008 3.365364
9.659714 3.352327
9.554414 3.347111
9.449261 3.334990
9.334511 3.323650
9.229338 3.313971
9.123953 3.310394
8.999893 3.295670
8.885346 3.281918
8.760687 3.274803
8.627050 3.265553
8.502933 3.263388
8.359606 3.271179
8.245001 3.278809
8.120923 3.277216
8.035240 3.276625
7.939884 3.275614
7.863704 3.267708
7.806619 3.256884
7.739881 3.247328
7.683008 3.234968
7.625631 3.220978
7.577930 3.213100
7.511238 3.201437
7.463499 3.190050
7.405947 3.178968
7.329119 3.171377
7.252646 3.151417
7.166606 3.138962
7.061386 3.129168
6.955973 3.122911
6.851004 3.109026
6.736289 3.105297
6.593270 3.096724
6.468914 3.077278
6.335615 3.059702
6.192411 3.053064
6.049370 3.041334
5.925656 3.036766
5.801734 3.035583
5.677789 3.032551
5.573243 3.022442
5.478062 3.018532
5.382951 3.012667
5.307080 2.996473
5.221784 2.980051
5.155266 2.960911
5.088962 2.940578
5.032675 2.920284
4.966541 2.906513
4.909960 2.890854
4.843887 2.874298
4.778167 2.866144
4.702521 2.866020
4.636582 2.858372
4.570576 2.858267
4.494867 2.858763
4.429105 2.848377
4.362995 2.840033
4.296802 2.838392
4.230497 2.824926
4.174041 2.803936
4.107781 2.786293
4.040875 2.770872
3.983977 2.750340
3.926690 2.739077
3.859977 2.736206
3.802477 2.724943
3.735749 2.701969
3.668697 2.675219
3.611294 2.650023
3.525060 2.626705
3.448636 2.608538
3.362434 2.596502
3.285894 2.583179
3.209232 2.570925
3.132362 2.572031
3.055796 2.556601
2.998073 2.550325
2.921228 2.547321
2.873137 2.545300
2.815618 2.538481
2.767444 2.538633
2.709918 2.541571
2.680995 2.524509
2.652051 2.516546
2.594326 2.494717
2.574773 2.471399
2.536446 2.439175
2.498166 2.430534
2.459493 2.413473
2.430805 2.396593
2.382973 2.387247
2.353956 2.381182
2.315676 2.370300
2.286981 2.364264
2.248368 2.363930
2.210067 2.346287
2.190966 2.339973
2.162214 2.329702
2.123916 2.300615
2.104924 2.273493
2.076089 2.237778
2.037777 2.221537
2.018715 2.182531
1.980365 2.152405
1.951765 2.134047
1.923152 2.075281
1.884707 2.062941
1.855874 2.022305
1.798648 2.003937
1.760219 1.969604
1.721653 1.958208
1.673673 1.907539
1.635568 1.902800
1.597326 1.888819
1.568450 1.909389
1.530003 1.898832
1.491593 1.876888
1.462703 1.871786
1.434198 1.859798
1.405215 1.840477
1.385858 1.825924
1.347484 1.820459
1.328048 1.800594
1.308637 1.795349
1.279707 1.789656
1.260521 1.777239
1.231663 1.761808
1.212296 1.757975
1.192843 1.753426
1.183261 1.740150
1.173606 1.733551
1.154432 1.723728
1.135013 1.713352
1.125462 1.715765
1.125236 1.726389
1.115385 1.732340
1.115352 1.725330
1.095807 1.730385
1.095788 1.724453
1.095615 1.696358
1.076445 1.687927
1.076525 1.667652
1.057370 1.643715
1.076430 1.630020
1.047761 1.614084
1.028666 1.592474
1.019240 1.575203
0.999993 1.575747
0.990594 1.569166
0.961890 1.559734
0.952293 1.565180
0.942838 1.567945
0.933312 1.558905
0.914406 1.554813
0.904746 1.555691
0.885715 1.537609
0.895542 1.520672
0.876303 1.492920
0.876680 1.466665
0.876593 1.456184
0.857538 1.437550
0.857522 1.430454
0.828968 1.410799
0.829007 1.398535
0.800123 1.402302
0.790454 1.391649
0.780746 1.379099
0.771259 1.357450
0.761486 1.343002
0.761606 1.312008
0.751819 1.307077
0.742070 1.291246
0.732530 1.267767
0.732393 1.243734
0.722349 1.225481
0.712995 1.200495
0.703277 1.177673
0.693352 1.158381
0.693288 1.132164
0.674109 1.128016
0.664402 1.143045
0.654556 1.148586
0.635455 1.136379
0.635474 1.148062
0.616367 1.159325
0.616255 1.145134
0.616273 1.138287
0.616294 1.136675
0.616221 1.130133
0.616621 1.123438
0.616621 1.110830
0.607267 1.084356
0.607014 1.059942
0.597529 1.047649
0.587992 1.054249
0.588206 1.015501
0.578746 0.992041
0.578796 0.942373
0.559536 0.936947
0.559794 0.909367
0.559473 0.909519
0.550129 0.922499
0.559736 0.893602
0.559623 0.888662
0.559793 0.893831
0.550246 0.879774
0.550150 0.864840
0.550181 0.884781
0.550167 0.876713
0.550406 0.849342
0.540479 0.842810
0.540654 0.864840
0.521526 0.812693
0.512018 0.803871
0.492907 0.805511
0.483195 0.767221
0.483248 0.747519
0.473521 0.762205
0.473478 0.720253
0.454249 0.659828
0.435289 0.617952
0.435232 0.621710
0.425700 0.612297
0.406526 0.564909
0.397114 0.649395
0.396990 0.696058
0.406441 0.723505
0.415999 0.760221
0.425637 0.782585
0.444721 0.761223
0.463820 0.785007
0.483015 0.793133
0.502134 0.797615
0.531017 0.787888
0.530755 0.770645
0.540440 0.751715
0.569253 0.588398
0.559560 0.472660
0.569181 0.346279
0.559323 0.142317
0.559740 0.076370
0.549838 0.003767
0.549851 0.000000
0.530595 0.000315
0.530645 0.009766
0.511480 0.004473
0.502012 0.021629
0.482838 0.022316
0.463783 0.004730
0.454361 0.000000
0.444573 0.000706
0.425595 0.003529
0.406477 0.000000
0.406388 0.000372
0.377772 0.009651
0.368374 0.000000
0.358752 0.000000
0.339776 0.006609
0.320423 0.000000
0.320269 0.000000
0.320376 0.000715
0.310739 0.003223
0.310786 0.000000
0.320284 0.000401
0.310737 0.009251
0.301073 0.000000
0.300935 0.000000
0.291680 0.006762
0.282021 0.000000
0.272426 0.000000
0.272523 0.000772
0.282037 0.003099
0.272474 0.000000
0.291670 0.000458
0.291375 0.009403
0.310271 0.000000
0.329281 0.000000
0.338671 0.007277
0.338543 0.000000
0.347902 0.000000
0.366926 0.000792
0.376430 0.002737
0.385897 0.000000
0.395144 0.000477
0.395286 0.009079
0.404567 0.000000
0.414206 0.000000
0.414156 0.007410
0.423692 0.000000
0.423826 0.000000
0.423890 0.000820
0.414332 0.002403
0.404994 0.000000
0.405191 0.000486
0.395633 0.008850
0.386113 0.000000
0.386302 0.000000
0.357957 0.007677
0.348514 0.000000
0.329633 0.000000
0.320123 0.000877
0.310807 0.002193
0.291936 0.000000
0.282560 0.000505
0.263636 0.008726
0.254250 0.000000
