time,force
0.000000 0.184584
0.000034 0.186129
0.000205 0.177698
0.009570 0.184135
0.009515 0.191679
0.009766 0.183439
0.018983 0.181475
0.019164 0.190954
0.009477 0.183754
0.019147 0.176220
0.019162 0.184679
0.009617 0.185871
0.000000 0.177135
0.000241 0.184078
0.000000 0.191507
0.000015 0.183115
0.009595 0.181551
0.000000 0.191269
0.000000 0.183458
0.000000 0.176001
0.000000 0.184526
0.000000 0.185242
0.000000 0.175858
0.000000 0.183535
0.000000 0.190811
0.000000 0.182400
0.000000 0.181103
0.000000 0.190897
0.000000 0.182695
0.009840 0.175104
0.009909 0.183401
0.009561 0.183802
0.019037 0.174389
0.028869 0.182619
0.038218 0.189476
0.038238 0.180445
0.057249 0.179691
0.048001 0.189886
0.057354 0.180626
0.057253 0.173416
0.066949 0.181904
0.057270 0.181599
0.066699 0.172729
0.066959 0.181131
0.066740 0.187330
0.066900 0.179424
0.066843 0.179129
0.047742 0.189390
0.057462 0.180283
0.057525 0.174007
0.047795 0.182123
0.067196 0.181503
0.066974 0.172539
0.057631 0.181446
0.048175 0.187330
0.047961 0.179567
0.066960 0.180349
0.057685 0.189705
0.057327 0.181665
0.067039 0.175762
0.047697 0.184069
0.047695 0.182686
0.047793 0.173473
0.038268 0.182610
0.028787 0.188494
0.028925 0.180683
0.029049 0.181484
0.019330 0.191174
0.000343 0.181923
0.009757 0.176258
0.000182 0.184078
0.000398 0.182571
0.000166 0.173416
0.000181 0.182838
0.000000 0.188189
0.000215 0.180664
0.000206 0.181837
0.000334 0.191774
0.000000 0.182142
0.000280 0.176640
0.000000 0.184841
0.009496 0.182543
0.009512 0.173340
0.000163 0.182858
0.009512 0.187731
0.019342 0.180168
0.028756 0.181875
0.038315 0.191393
0.038366 0.182028
0.057722 0.177193
0.048100 0.185242
0.057569 0.182409
0.057498 0.173397
0.057531 0.182552
0.047963 0.186949
0.038474 0.179071
0.048171 0.180368
0.038512 0.188665
0.048176 0.181732
0.038704 0.178280
0.038415 0.186472
0.048007 0.182953
0.048358 0.174084
0.057418 0.182991
0.067020 0.187311
0.057644 0.179987
0.086311 0.183430
0.086139 0.192289
0.086086 0.182962
0.086113 0.178785
0.076785 0.186853
0.076742 0.182886
0.076737 0.174484
0.067218 0.183430
0.067355 0.186911
0.048095 0.179853
0.057957 0.183401
0.048048 0.191374
0.047977 0.182610
0.047907 0.179214
0.057432 0.187159
0.047705 0.182781
0.047639 0.174465
0.047566 0.183105
0.047495 0.186043
0.037927 0.178967
0.047727 0.182972
0.047563 0.190783
0.047586 0.182123
0.038178 0.178928
0.038049 0.186996
0.038093 0.182219
0.038185 0.174513
0.047693 0.183096
0.047710 0.185785
0.047646 0.178537
0.047636 0.183020
0.047682 0.190678
0.047566 0.182257
0.057085 0.179396
0.037699 0.187712
0.037663 0.182133
0.047342 0.174370
0.037911 0.183764
0.037730 0.185785
0.028406 0.178375
0.037821 0.183201
0.028316 0.190067
0.028466 0.181999
0.037957 0.179768
0.018980 0.189095
0.018702 0.183287
0.028137 0.175982
0.028287 0.184298
0.037674 0.186348
0.037583 0.177956
0.056657 0.182753
0.056725 0.190697
0.066336 0.183229
0.075968 0.180264
0.085358 0.189028
0.095014 0.182791
0.104489 0.175495
0.104794 0.183449
0.114065 0.185013
0.114287 0.177126
0.114411 0.183249
0.104666 0.190582
0.104980 0.182533
0.095286 0.180387
0.085800 0.189371
0.076103 0.182486
0.056990 0.175352
0.056845 0.183449
0.047378 0.184650
0.038003 0.176868
0.047357 0.183172
0.018517 0.190039
0.018576 0.182219
0.018525 0.180702
0.018482 0.189505
0.018525 0.182209
0.028359 0.175409
0.028007 0.183372
0.027938 0.183973
0.037618 0.175610
0.018530 0.182400
0.028099 0.188818
0.009089 0.180387
0.028425 0.179434
0.009169 0.186930
0.009053 0.174141
0.018739 0.168848
0.018729 0.178680
0.018558 0.177469
0.018558 0.168476
0.018590 0.175800
0.018607 0.182333
0.018583 0.175200
0.028191 0.175171
0.018382 0.184507
0.008964 0.177164
0.000000 0.170317
0.000000 0.178070
0.000000 0.177574
0.000000 0.169439
0.000000 0.177402
0.000000 0.183115
0.000000 0.175486
0.000000 0.175180
0.000000 0.184507
0.000000 0.176086
0.000000 0.170498
0.000000 0.178204
0.000000 0.177813
0.008691 0.169077
0.000000 0.178127
0.000000 0.183907
0.008685 0.176706
0.008665 0.176935
0.000000 0.186176
0.000000 0.177574
0.000000 0.171661
0.000000 0.179014
0.000000 0.178471
0.000000 0.170012
0.000000 0.178366
0.000000 0.183992
0.000000 0.176830
0.000000 0.177145
0.000000 0.186234
0.000000 0.177622
0.000000 0.172091
0.000000 0.179462
0.000000 0.178204
0.000000 0.169649
0.000000 0.178089
0.000000 0.183535
0.000000 0.176220
0.000000 0.176916
0.018504 0.186205
0.018377 0.177402
0.018541 0.172215
0.008657 0.179996
0.008697 0.178452
0.000000 0.169821
0.000000 0.178461
0.000000 0.183477
0.000000 0.176325
0.000000 0.177565
0.000000 0.186605
0.000000 0.178175
0.008906 0.173635
0.008916 0.179892
0.018364 0.177956
0.018308 0.170870
0.037348 0.180168
0.037301 0.184078
0.046873 0.176134
0.056192 0.177917
0.056283 0.187864
0.056276 0.180216
0.075377 0.176516
0.065781 0.184069
0.065751 0.182095
0.084763 0.175924
0.084625 0.183229
0.084726 0.191364
0.094151 0.189915
0.103928 0.192518
0.123086 0.201979
0.123127 0.194979
0.151800 0.189209
0.161250 0.199051
0.180344 0.194445
0.199342 0.190334
0.218364 0.198603
0.237411 0.201178
0.256527 0.194263
0.275443 0.197287
0.294447 0.206203
0.303939 0.197945
0.332549 0.193958
0.332313 0.203304
0.341910 0.200186
0.360946 0.192270
0.370365 0.202770
0.370303 0.207891
0.370307 0.206051
0.389278 0.212927
0.389216 0.223217
0.389301 0.218210
0.408310 0.210447
0.408237 0.223665
0.408310 0.230331
0.436823 0.230999
0.446338 0.247173
0.474776 0.267467
0.484404 0.287628
0.522389 0.321131
0.550821 0.449123
0.589004 0.630074
0.617478 0.752048
0.646087 0.845060
0.684214 0.912981
0.722267 0.953760
0.770038 0.963507
0.817879 1.065588
0.856115 1.161709
0.894143 1.247435
0.922773 1.297693
0.961016 1.417170
0.999495 1.427326
1.018590 1.519909
1.056616 1.570368
1.094921 1.651793
1.123632 1.684351
1.161809 1.722584
1.209735 1.781673
1.248065 1.818256
1.295923 1.853266
1.334131 1.908827
1.410637 1.923618
1.467872 1.985731
1.535150 1.996813
1.611672 2.052431
1.668826 2.096987
1.754642 2.150526
1.831255 2.137232
1.898206 2.158985
1.974766 2.192516
2.051239 2.217684
2.118074 2.217817
2.194618 2.228251
2.271110 2.240267
2.337945 2.252092
2.414251 2.282839
2.471355 2.288065
2.528928 2.303457
2.586081 2.307739
2.633644 2.315779
2.681194 2.334766
2.738546 2.347040
2.795741 2.363920
2.843326 2.370367
2.910108 2.388906
2.967181 2.429886
3.043504 2.458162
3.119820 2.492542
3.215454 2.523289
3.310847 2.575378
3.406587 2.590590
3.530889 2.613916
3.645371 2.639742
3.750552 2.652578
3.874846 2.664614
3.999148 2.699165
4.123354 2.728758
4.266882 2.740688
4.410244 2.767305
4.553388 2.780924
4.706432 2.785635
4.859315 2.794971
4.993274 2.799749
5.136493 2.825499
5.289206 2.842646
5.442162 2.866249
5.604807 2.900934
5.776836 2.916880
5.949030 2.951746
6.130885 2.974844
6.322122 2.986860
6.532745 3.015738
6.714576 3.040743
6.925397 3.059721
7.136293 3.070211
7.346964 3.080349
7.557915 3.092661
7.787964 3.111010
8.027641 3.128576
8.248238 3.153524
8.487806 3.169632
8.727694 3.180361
8.967540 3.195162
9.197695 3.203382
9.447191 3.216143
9.677341 3.231153
9.907434 3.247805
10.137566 3.244123
10.338771 3.246450
10.549442 3.258381
10.750813 3.266649
10.932955 3.273506
11.105473 3.282566
11.278281 3.290157
11.441055 3.300209
11.604103 3.309813
11.757372 3.318806
11.911167 3.320694
12.073964 3.327694
12.218016 3.340969
12.381017 3.342495
12.544221 3.345318
12.697622 3.352013
12.841522 3.353052
12.985405 3.356848
13.129311 3.368368
13.263568 3.379498
13.388059 3.389959
13.503448 3.406830
13.618410 3.423147
13.714409 3.433867
13.829307 3.438663
13.915762 3.445473
14.011816 3.449421
14.126737 3.459835
14.232003 3.473253
14.337231 3.473139
14.442559 3.476210
14.566555 3.488731
14.671746 3.490086
14.786739 3.490505
14.920529 3.494987
15.044908 3.501606
15.169291 3.504515
15.322468 3.509722
15.475841 3.518572
15.619442 3.523111
15.791833 3.524246
15.973646 3.532076
16.136747 3.536921
16.318548 3.536787
16.500639 3.545084
16.682598 3.554649
16.855129 3.556166
17.037321 3.562794
17.228709 3.575439
17.401140 3.585386
17.574016 3.591843
17.755768 3.605537
17.937807 3.615923
18.129353 3.624430
18.320722 3.627939
18.512335 3.636446
18.703709 3.645134
18.904768 3.649607
19.105314 3.658667
19.306199 3.660851
19.516440 3.662968
19.726829 3.671055
19.927482 3.680735
20.147415 3.682880
20.367297 3.690786
20.596498 3.698282
20.825621 3.697729
21.064646 3.699389
21.312770 3.704109
21.551310 3.707085
21.809255 3.707943
22.057318 3.717260
22.305421 3.730106
22.563119 3.736420
22.811199 3.743086
23.068605 3.752174
23.335934 3.757782
23.622441 3.764849
23.880082 3.771820
24.176402 3.776197
24.453728 3.777828
24.740335 3.784056
25.017779 3.787584
25.295435 3.785810
25.563241 3.787937
25.821756 3.792381
26.070708 3.791971
26.319619 3.792362
26.530266 3.796091
26.740660 3.798485
26.951104 3.798752
27.151886 3.804140
27.333628 3.805552
27.515531 3.805685
27.687988 3.807421
27.850637 3.809900
27.994267 3.808470
28.138010 3.809042
28.262673 3.811846
28.368437 3.811083
28.483545 3.809977
28.588982 3.813248
28.684910 3.815174
28.790368 3.814049
28.895793 3.815165
28.991757 3.819551
29.096893 3.822689
29.192724 3.824787
29.288303 3.828745
29.374079 3.829117
29.469482 3.828611
29.565019 3.832054
29.650931 3.833265
29.746220 3.833017
29.841442 3.835125
29.946285 3.837185
30.051290 3.835964
30.185109 3.836317
30.318716 3.839149
30.462044 3.837824
30.624400 3.836336
30.786549 3.839149
30.949445 3.839407
31.121193 3.840208
31.302913 3.841925
31.484712 3.844719
31.656625 3.843813
31.838523 3.844948
32.010291 3.847132
32.182396 3.846340
32.363923 3.845205
32.545621 3.849401
32.736781 3.851089
32.937531 3.851671
33.138319 3.855171
33.339255 3.857737
33.559453 3.857040
33.798674 3.858204
34.019018 3.861790
34.249094 3.860626
34.469594 3.859968
34.689485 3.862648
34.899958 3.864470
35.091517 3.863926
35.292249 3.865957
35.473846 3.866968
35.674582 3.864460
35.856101 3.864603
36.037586 3.866377
36.219298 3.864317
36.420126 3.861151
36.611221 3.863688
36.821666 3.863707
37.022899 3.861828
37.233542 3.864450
37.444371 3.869677
37.655106 3.868265
37.866128 3.869505
38.067380 3.875217
38.259026 3.874187
38.450495 3.875113
38.622882 3.879175
38.795007 3.881550
38.967281 3.882055
39.158350 3.885355
39.349597 3.888721
39.550032 3.888216
39.769420 3.888903
39.979735 3.892422
40.208653 3.893652
40.447339 3.895264
40.676667 3.900204
40.905951 3.905916
41.144816 3.907413
41.383660 3.912802
41.632014 3.916998
41.880474 3.917141
42.147946 3.918304
42.386768 3.921499
42.625361 3.921804
42.854524 3.922443
43.073740 3.925123
43.283619 3.925772
43.474218 3.925762
43.654834 3.929529
43.797271 3.934116
43.940232 3.935909
44.082697 3.939009
44.206109 3.943586
44.320213 3.942451
44.434413 3.941994
44.529323 3.944187
44.605357 3.944283
44.671814 3.943691
44.719110 3.946323
44.747308 3.947058
44.775317 3.944902
44.793883 3.945303
44.783694 3.947372
44.763857 3.945856
44.744349 3.946066
44.715029 3.947992
44.695425 3.947039
44.666641 3.944492
44.657067 3.945780
44.628399 3.945923
44.600550 3.943930
44.572385 3.943291
44.534937 3.944397
44.478464 3.941498
44.421986 3.938398
44.346461 3.937330
44.290043 3.934736
44.205142 3.930759
44.158114 3.929186
44.092401 3.927841
44.035963 3.921099
43.979310 3.915176
43.941801 3.913708
43.923633 3.907957
43.895663 3.905296
43.877420 3.906078
43.858983 3.901749
43.878779 3.895750
43.907919 3.894873
43.927362 3.891582
43.966224 3.882685
44.005054 3.879948
44.034029 3.881989
44.072789 3.882599
44.130196 3.889771
44.206798 3.903551
44.273872 3.912153
44.378987 3.919096
44.483814 3.926210
44.588226 3.933344
44.692454 3.936100
44.787084 3.940268
44.871896 3.944769
44.956211 3.945847
45.050211 3.946915
45.144225 3.949575
45.228790 3.948259
45.313415 3.944807
45.388361 3.945456
45.444777 3.943510
45.481914 3.939333
45.500335 3.940191
45.518616 3.943577
45.508456 3.942242
45.498727 3.941946
45.468992 3.943186
45.430257 3.942347
45.372233 3.940563
45.314274 3.941984
45.256102 3.941841
45.179118 3.939476
45.092432 3.939219
45.015721 3.940620
44.938784 3.936739
44.881551 3.935499
44.824244 3.937769
44.786515 3.935003
44.729678 3.932924
44.672574 3.934994
44.596772 3.935833
44.501330 3.934641
44.415852 3.935757
44.291556 3.936901
44.167398 3.933277
44.043094 3.930168
43.899631 3.929071
43.756397 3.922243
43.612872 3.913364
43.469488 3.911943
43.326100 3.907871
43.182624 3.903723
43.058709 3.901997
42.925376 3.901663
42.801402 3.899508
42.696829 3.900204
42.582461 3.904257
42.477625 3.906193
42.401649 3.907185
42.306327 3.912077
42.230137 3.915348
42.163241 3.916197
42.105682 3.921375
42.029058 3.925419
41.971360 3.925991
41.894685 3.926506
41.827268 3.929777
41.740824 3.928957
41.682991 3.929167
41.606063 3.932505
41.548345 3.934231
41.500272 3.932581
41.470920 3.935633
41.403354 3.938017
41.364632 3.937550
41.316409 3.937340
41.277414 3.939533
41.219417 3.937969
41.171133 3.936758
41.094193 3.938961
41.026498 3.939028
40.969014 3.937035
40.901711 3.938179
40.824909 3.939638
40.748403 3.937769
40.671683 3.937216
40.585690 3.938446
40.489983 3.935843
40.403986 3.933249
40.279616 3.934479
40.155509 3.934336
40.012042 3.932381
39.859048 3.933659
39.686963 3.935118
39.505163 3.933439
39.323196 3.933392
39.131811 3.935699
38.940394 3.934231
38.739274 3.932257
38.538225 3.933487
38.346685 3.933048
38.155095 3.930607
37.973233 3.932304
37.800489 3.933153
37.647509 3.930082
37.494291 3.929176
37.341235 3.930435
37.197910 3.928366
37.054465 3.926115
36.901496 3.926544
36.748652 3.925943
36.595638 3.923702
36.452151 3.924894
36.299246 3.925333
36.146405 3.922758
35.993259 3.921318
35.821344 3.921518
35.658566 3.917427
35.495957 3.914747
35.333413 3.915472
35.161211 3.915358
35.008320 3.913050
34.845895 3.913221
34.683160 3.911991
34.520776 3.909035
34.358359 3.907852
34.176614 3.909121
33.985526 3.905764
33.794495 3.903885
33.574318 3.904161
33.364097 3.902855
33.134538 3.900328
32.914485 3.901701
32.685143 3.901758
32.455662 3.897810
32.254700 3.896179
32.053896 3.896151
31.862679 3.890562
31.681222 3.885279
31.499396 3.881721
31.317681 3.876934
31.117034 3.871193
30.916244 3.868980
30.696522 3.864298
30.448200 3.857622
30.190165 3.851385
29.922423 3.849401
29.616783 3.844252
29.310964 3.837852
28.976123 3.837442
28.641769 3.834200
28.307013 3.829279
27.962781 3.826990
27.618756 3.822260
27.284409 3.814402
26.978337 3.807077
26.644006 3.801775
26.338443 3.779011
26.023042 3.768454
25.707752 3.762875
25.382915 3.754482
25.077114 3.746223
24.742814 3.745146
24.417795 3.739128
24.083427 3.730669
23.758424 3.728476
23.442939 3.728495
23.108251 3.725882
22.783215 3.718891
22.477266 3.715696
22.181368 3.708935
21.894373 3.698788
21.626683 3.689289
21.359168 3.678856
21.101115 3.669958
20.852517 3.659487
20.584991 3.653202
20.317525 3.639717
20.049798 3.631334
19.772410 3.628349
19.495221 3.619299
19.227621 3.610439
18.959958 3.606300
18.682459 3.603392
18.405474 3.596392
18.147144 3.590784
17.879398 3.586378
17.611713 3.575220
17.363312 3.566532
17.133813 3.562527
16.894760 3.552914
16.646349 3.544760
16.416681 3.539324
16.196625 3.536596
15.957722 3.529835
15.737631 3.530159
15.508036 3.530321
15.288177 3.527021
15.087091 3.524532
14.886116 3.527308
14.685090 3.524265
14.512834 3.519812
14.340506 3.517799
14.177812 3.515062
14.044011 3.511486
13.910043 3.512688
13.776093 3.508158
13.651782 3.501186
13.546888 3.499327
13.422528 3.496065
13.307811 3.489809
13.183522 3.477459
13.058983 3.472214
12.915707 3.468552
12.781857 3.463831
12.628615 3.467360
12.475384 3.470078
12.322426 3.469210
12.178716 3.468428
12.035273 3.468790
11.901365 3.462791
11.777079 3.454523
11.662308 3.451538
11.547533 3.449850
11.432805 3.442612
11.327640 3.440371
11.222235 3.434982
11.117182 3.420115
11.011884 3.402863
10.887412 3.392763
10.753410 3.380270
10.628949 3.358488
10.475479 3.348532
10.312817 3.336039
10.140438 3.328238
9.958494 3.327322
9.786027 3.327341
9.613287 3.326664
9.440848 3.327599
9.287323 3.331785
9.124723 3.321867
8.990507 3.317118
8.856163 3.321190
8.750492 3.315248
8.625923 3.308182
8.529800 3.296099
8.404832 3.287086
8.308728 3.272572
8.212744 3.254986
8.107146 3.245230
7.991795 3.214197
7.867194 3.178167
7.732828 3.165560
7.579470 3.134823
7.435621 3.107882
7.262998 3.104620
7.090552 3.097277
6.927503 3.083067
6.764476 3.075304
6.591983 3.069582
6.419555 3.051777
6.266090 3.038530
6.122359 3.023005
5.978447 3.008785
5.844289 3.004112
5.710093 3.001270
5.585169 2.992229
5.450909 2.992535
5.316540 2.968235
5.182264 2.959185
5.048059 2.944860
4.932975 2.933769
4.808477 2.928791
4.684022 2.935076
4.578618 2.934332
4.482908 2.939310
4.387089 2.937479
4.310678 2.922974
4.234187 2.917013
4.157666 2.902651
4.090700 2.874908
4.023925 2.857132
3.966595 2.838860
3.899687 2.815313
3.833030 2.774687
3.785263 2.749910
3.718580 2.721663
3.661346 2.712965
3.604211 2.698135
3.518331 2.687674
3.470692 2.674103
3.413379 2.664070
3.346810 2.667084
3.298991 2.657080
3.261069 2.647572
3.213613 2.657328
3.165954 2.664194
3.128033 2.661791
3.090295 2.650642
3.052267 2.637691
3.024043 2.606821
3.005382 2.594299
2.967611 2.583523
2.939399 2.552862
2.911312 2.536440
2.864090 2.524910
2.835929 2.504244
2.798356 2.500410
2.751085 2.497997
2.713329 2.501163
2.666076 2.483253
2.628483 2.483025
2.581046 2.490816
2.533783 2.503538
2.486458 2.502766
2.457888 2.513590
2.419850 2.522335
2.391579 2.523165
2.372566 2.517796
2.334464 2.513580
2.315462 2.487659
2.296481 2.477026
2.267782 2.469740
2.239314 2.462015
2.210524 2.451115
2.182006 2.453775
2.153382 2.446470
2.134534 2.456551
2.106016 2.464724
2.058364 2.480240
2.039489 2.485504
2.020337 2.480764
2.020460 2.495985
2.001672 2.509031
1.992212 2.493658
1.973303 2.494335
1.963979 2.466068
1.954353 2.434063
1.935121 2.405691
1.906531 2.359486
1.878085 2.333164
1.839849 2.291002
1.801646 2.269726
1.773005 2.238741
1.715611 2.204313
1.658251 2.182407
1.610424 2.184534
1.562632 2.170944
1.514481 2.172308
1.466710 2.196913
1.428436 2.193127
1.399882 2.178497
1.361550 2.174320
1.332683 2.172689
1.304148 2.165766
1.285012 2.165508
1.256543 2.158508
1.256606 2.138147
1.237456 2.114820
1.227985 2.096148
1.237543 2.067032
1.218491 2.044287
1.208993 2.029753
1.209218 2.013721
1.189942 1.973085
1.171072 1.955290
1.170943 1.961184
1.161529 1.965313
1.151897 1.980743
1.132872 1.988382
1.123404 1.970081
1.123407 1.929140
1.104172 1.884766
1.085064 1.866169
1.066322 1.850681
1.056679 1.852465
1.046946 1.838741
1.027896 1.770496
1.018440 1.659479
1.008733 1.590729
0.999393 1.532278
0.989793 1.480999
0.970748 1.414566
0.951645 1.384077
0.932667 1.360178
0.913429 1.273575
0.894449 1.210003
0.865845 1.108484
0.856281 1.103363
0.818173 1.079082
0.789563 1.141357
0.761025 1.170492
0.741935 1.207180
0.723051 1.211061
0.704042 1.223879
0.694607 1.241770
0.685220 1.244841
0.675838 1.221752
0.685556 1.236496
0.685351 1.240244
0.675948 1.184988
0.676088 1.143074
0.675996 1.067581
0.666673 1.027031
0.676093 1.036978
0.666710 0.963297
0.647656 0.875320
0.647736 0.827236
0.628685 0.806684
0.618901 0.764933
0.599914 0.704079
0.599810 0.634527
0.580780 0.459061
0.580940 0.328035
0.571381 0.264473
0.561893 0.203285
0.543185 0.181484
0.533563 0.157919
0.523946 0.144615
0.504849 0.103064
0.504971 0.109701
0.505047 0.112038
0.495552 0.105925
0.495489 0.090742
0.485960 0.077496
0.476488 0.085106
0.466851 0.088997
0.466822 0.081739
0.466835 0.104761
0.457272 0.125275
0.457326 0.122576
0.476510 0.122318
0.476583 0.147314
0.476563 0.130568
0.495827 0.080452
0.505171 0.001822
0.505294 0.001106
0.505325 0.000000
0.505234 0.000353
0.505277 0.007076
0.505447 0.000000
0.505518 0.000000
0.505362 0.008383
0.495934 0.000000
0.476695 0.000000
0.476621 0.001068
0.466952 0.000811
0.457768 0.000000
0.467140 0.000296
0.457581 0.006685
0.447981 0.000000
0.448068 0.000000
0.428926 0.008726
0.429071 0.000000
0.419422 0.000000
0.409789 0.001421
0.409689 0.000677
0.409805 0.000000
0.409805 0.000420
0.409740 0.006437
0.400097 0.000000
0.400340 0.000000
0.390593 0.008850
0.400114 0.000000
0.390451 0.000000
0.390461 0.001593
0.380928 0.000401
0.380921 0.000000
0.371252 0.000391
0.371561 0.006142
0.361811 0.000000
0.352534 0.000000
0.352340 0.009022
0.361604 0.000000
0.352425 0.000000
0.361807 0.001898
0.342565 0.000200
0.342623 0.000000
0.352337 0.000267
0.352075 0.005541
0.342362 0.000000
0.361482 0.000000
0.351859 0.008907
0.351934 0.000000
0.352016 0.000000
0.352203 0.002337
0.352213 0.000057
0.352100 0.000000
0.333092 0.000343
0.333013 0.005264
0.333173 0.000000
0.342658 0.000000
0.333057 0.009012
0.333233 0.000000
0.333052 0.000000
0.323377 0.002756
0.314132 0.000000
0.323314 0.000000
0.313850 0.000296
0.304401 0.004892
0.294604 0.000000
0.294792 0.000000
0.275600 0.009069
0.275509 0.000000
0.275478 0.000000
0.265899 0.003262
0.275415 0.000000
0.275303 0.000000
0.265877 0.000315
0.275373 0.004473
0.275366 0.000000
0.294279 0.000000
0.294108 0.008993
0.294224 0.000000
0.303921 0.000000
0.304167 0.003767
0.313523 0.000000
0.313842 0.000000
0.323305 0.000334
0.323305 0.004091
0.332873 0.000000
0.342630 0.000000
0.332850 0.008879
0.323335 0.000000
0.313720 0.000000
0.304066 0.004358
0.304099 0.000000
0.285260 0.000000
0.285128 0.000439
0.275553 0.003710
0.266082 0.000000
0.266114 0.000181
0.256630 0.008755
0.266182 0.000000
0.275966 0.000000
0.256583 0.004892
0.256781 0.000000
0.266406 0.000000
0.247184 0.000420
0.247154 0.003300
0.256806 0.000000
0.247223 0.000277
0.256688 0.008564
0.256811 0.000000
0.256941 0.000000
0.266026 0.005465
0.266274 0.000000
0.266170 0.000000
0.275915 0.000401
0.275503 0.002861
