0.000000 0.106354
0.000000 0.097589
0.000000 0.092630
0.000000 0.100527
0.000000 0.098028
0.000000 0.089474
0.009520 0.097933
0.000000 0.102520
0.018848 0.095215
0.037752 0.097160
0.037927 0.106163
0.047586 0.097437
0.057048 0.092545
0.066704 0.100336
0.076120 0.097570
0.076187 0.088940
0.085877 0.097656
0.085864 0.102215
0.085905 0.094948
0.105089 0.096941
0.095484 0.106277
0.105030 0.097618
0.124269 0.093031
0.114520 0.100737
0.124264 0.098276
0.124290 0.089836
0.124248 0.098667
0.114669 0.103064
0.114749 0.095654
0.105251 0.097818
0.114688 0.106478
0.105250 0.097780
0.105187 0.093079
0.095676 0.101061
0.086041 0.098238
0.086125 0.089703
0.076491 0.098486
0.076567 0.102921
0.066871 0.095711
0.066797 0.098009
0.057211 0.106926
0.057056 0.098143
0.047702 0.093555
0.056944 0.101566
0.038059 0.098619
0.057003 0.090199
0.047327 0.098839
0.047595 0.103207
0.056869 0.095882
0.056956 0.098190
0.057003 0.107126
0.056965 0.098391
0.066597 0.093784
0.066571 0.101719
0.076258 0.098619
0.076080 0.090170
0.076102 0.098867
0.076005 0.102968
0.076042 0.095644
0.085591 0.098028
0.076176 0.106878
0.076118 0.098591
0.076315 0.094137
0.066569 0.102358
0.076300 0.099201
0.056981 0.090704
0.057077 0.099516
0.047633 0.103703
0.047579 0.096254
0.037910 0.098791
0.037813 0.107555
0.018954 0.098829
0.028316 0.094280
0.018730 0.102301
0.028359 0.098953
0.028320 0.090418
0.028389 0.099077
0.009158 0.103321
0.018652 0.095901
0.018652 0.098476
0.018629 0.107403
0.018752 0.098639
0.018651 0.094309
0.009040 0.102253
0.008903 0.098991
0.000000 0.090408
0.000000 0.099268
0.000000 0.103436
0.000000 0.096054
0.000000 0.098791
0.000000 0.107527
0.000000 0.098886
0.000000 0.094509
0.000000 0.102520
0.000000 0.099125
0.000000 0.090761
0.000000 0.099430
0.000000 0.103569
0.000000 0.096149
0.000000 0.098982
0.000000 0.107651
0.000000 0.098877
0.000000 0.094633
0.000000 0.102596
0.000000 0.099125
0.000000 0.090733
0.000000 0.099354
0.000000 0.103178
0.000000 0.095882
0.000000 0.098829
0.000000 0.107365
0.000000 0.098677
0.000000 0.094471
0.000000 0.102530
0.000000 0.098925
0.000000 0.090666
0.000000 0.099316
0.000000 0.103245
0.000000 0.095959
0.000000 0.098763
0.000000 0.107298
0.000000 0.098410
0.000000 0.094194
0.000000 0.102196
0.000000 0.098276
0.000000 0.089827
0.000000 0.098553
0.000000 0.102377
0.000000 0.094929
0.000000 0.098181
0.000000 0.106850
0.000000 0.098381
0.000000 0.094204
0.000000 0.102243
0.000000 0.098429
0.000000 0.090141
0.000000 0.098734
0.000000 0.102663
0.000000 0.095177
0.000000 0.098276
0.000000 0.106764
0.000000 0.098114
0.000000 0.094118
0.000000 0.102482
0.000000 0.098562
0.000000 0.090227
0.000000 0.098906
0.000000 0.102425
0.000000 0.094833
0.000000 0.098257
0.000000 0.107021
0.000000 0.098791
0.000000 0.094938
0.000000 0.103121
0.000000 0.099258
0.000000 0.090866
0.000000 0.099792
0.000000 0.103321
0.000000 0.095949
0.008934 0.099249
0.008944 0.107679
0.008895 0.098953
0.008967 0.095110
0.018437 0.103226
0.008876 0.099192
0.018410 0.090799
0.018570 0.099564
0.018443 0.103168
0.018513 0.095797
0.028055 0.099249
0.008930 0.107746
0.000000 0.099049
0.000000 0.095186
0.000000 0.103378
0.000000 0.099335
0.000000 0.091047
0.000000 0.099669
0.000000 0.103207
0.000000 0.095711
0.000000 0.099134
0.000000 0.107641
0.000000 0.099058
0.000000 0.095282
0.000000 0.103512
0.000000 0.099249
0.000000 0.091152
0.000000 0.099878
0.000000 0.103321
0.000000 0.095711
0.000000 0.099354
0.000000 0.107794
0.000000 0.099134
0.000000 0.095224
0.000000 0.103636
0.000000 0.099373
0.000000 0.091181
0.008745 0.099773
0.000000 0.103178
0.000000 0.095501
0.008799 0.099335
0.000000 0.107727
0.008719 0.099220
0.018513 0.095530
0.018266 0.103846
0.008426 0.099421
0.018112 0.090771
0.008478 0.099440
0.000000 0.102758
0.008509 0.095177
0.008632 0.099020
0.000000 0.107470
0.000000 0.098991
0.000000 0.095358
0.008536 0.103779
0.000000 0.099220
0.017974 0.091114
0.027667 0.099726
0.027480 0.102844
0.037236 0.094814
0.036968 0.098934
0.046617 0.107508
0.046606 0.099039
0.065705 0.095596
0.056223 0.103636
0.046698 0.098562
0.084730 0.091400
0.094282 0.100288
0.132722 0.103550
0.142223 0.096083
0.161425 0.101366
0.180406 0.110254
0.189969 0.101309
0.218604 0.098104
0.228065 0.106268
0.228200 0.101156
0.256828 0.091591
0.266327 0.099649
0.285538 0.103207
0.295084 0.098181
0.314216 0.102339
0.323617 0.110836
0.342806 0.100727
0.362011 0.098772
0.381013 0.107975
0.400352 0.102272
0.409791 0.093498
0.419475 0.101547
0.438476 0.102644
0.457744 0.093155
0.486497 0.097466
0.505632 0.106163
0.515153 0.097570
0.543956 0.093765
0.563080 0.104189
0.582024 0.097933
0.601196 0.090828
0.620419 0.100231
0.639572 0.103016
0.649337 0.093365
0.677894 0.095873
0.687434 0.102777
0.697065 0.095596
0.716075 0.093298
0.725717 0.103922
0.725626 0.099688
0.744822 0.091524
0.744664 0.099745
0.754389 0.103178
0.754183 0.097361
0.773295 0.102606
0.773096 0.110359
0.782646 0.101156
0.801827 0.094090
0.811267 0.101871
0.811394 0.100632
0.840168 0.092964
0.849458 0.100040
0.859192 0.104065
0.897465 0.095644
0.907091 0.097790
0.935876 0.109663
0.945465 0.106602
0.974043 0.105705
0.983663 0.107946
0.993183 0.109625
1.021817 0.092278
1.050659 0.103579
1.069697 0.105047
1.079499 0.101099
1.127212 0.108013
1.136754 0.115337
1.165399 0.106163
1.194050 0.104790
1.213217 0.112934
1.232196 0.106153
1.260893 0.099325
1.279958 0.107498
1.308606 0.109472
1.337155 0.102348
1.365775 0.111237
1.394376 0.123186
1.413293 0.116539
1.451567 0.114555
1.470603 0.119219
1.489671 0.115976
1.499222 0.117283
1.527616 0.143385
1.536944 0.183249
1.565747 0.196838
1.603561 0.267620
1.622745 0.297947
1.660706 0.314369
1.708317 0.327177
1.736641 0.356159
1.764983 0.379753
1.822282 0.374651
1.860074 0.399895
1.898188 0.431700
1.964921 0.438843
2.012406 0.457802
2.050448 0.477524
2.107679 0.477991
2.164891 0.477591
2.222006 0.486069
2.269558 0.491762
2.317360 0.489283
2.365149 0.518532
2.412872 0.546942
2.450984 0.544491
2.489192 0.560646
2.527254 0.580235
2.556044 0.592308
2.584726 0.629015
2.622990 0.651627
2.641838 0.709600
2.680232 0.769625
2.708823 0.897741
2.747107 0.952692
2.785513 1.008959
2.823784 1.059713
2.871733 1.114988
2.919734 1.136885
2.986766 1.155405
3.044388 1.174240
3.111244 1.182375
3.178370 1.188602
3.254990 1.214533
3.322120 1.217937
3.389326 1.224451
3.446511 1.232071
3.513522 1.243677
3.570966 1.261530
3.628389 1.267557
3.685902 1.285019
3.733725 1.301250
3.800742 1.330023
3.867886 1.375952
3.934754 1.413450
4.001805 1.440363
4.078014 1.465454
4.154531 1.480312
4.221461 1.490927
4.307476 1.507311
4.374420 1.549616
4.450869 1.577082
4.517697 1.579657
4.594107 1.613779
4.660884 1.617718
4.737424 1.627855
4.813935 1.672497
4.880805 1.702900
4.966755 1.723843
5.052820 1.739120
5.148343 1.743279
5.234322 1.737766
5.330165 1.737919
5.435200 1.750574
5.521196 1.760683
5.616840 1.761732
5.712481 1.774025
5.807908 1.782990
5.893835 1.778984
5.989163 1.778307
6.065494 1.790228
6.141707 1.802607
6.227681 1.808147
6.284827 1.820374
6.361170 1.835232
6.437400 1.839790
6.504066 1.844482
6.580297 1.851587
6.647423 1.849737
6.733191 1.852913
6.819127 1.873980
6.895807 1.875763
6.982151 1.885433
7.077792 1.897745
7.182932 1.904926
7.298008 1.911278
7.412689 1.926565
7.518051 1.935225
7.633078 1.938095
7.757557 1.945972
7.862961 1.959562
7.977776 1.973200
8.082914 1.977892
8.207198 1.987677
8.302733 1.998148
8.417285 2.003450
8.522450 2.029305
8.627516 2.052250
8.742402 2.062798
8.857197 2.090874
8.952660 2.142534
9.086515 2.145929
9.210998 2.159595
9.344730 2.159061
9.488276 2.159605
9.631647 2.172947
9.774947 2.181988
9.927332 2.187519
10.070394 2.189856
10.213528 2.188301
10.346710 2.201681
10.470423 2.201080
10.613322 2.200804
10.746753 2.209692
10.889581 2.217674
11.032635 2.219696
11.185065 2.228785
11.347209 2.257462
11.509606 2.268772
11.700661 2.278318
11.872920 2.281742
12.045197 2.287264
12.236885 2.283983
12.428286 2.289829
12.610355 2.294607
12.792598 2.287636
12.955744 2.290306
13.128072 2.290592
13.281547 2.288370
13.425461 2.289753
13.569308 2.294960
13.684244 2.292099
13.818464 2.289257
13.933417 2.293901
14.038766 2.291508
14.163669 2.286501
14.297812 2.286253
14.441233 2.282505
14.594596 2.259083
14.757652 2.245798
14.939447 2.246161
15.111898 2.239323
15.322493 2.227736
15.542674 2.206020
15.753373 2.171707
15.992810 2.160511
16.213396 2.165489
16.443345 2.170973
16.673604 2.163315
16.903654 2.164745
17.143355 2.171354
17.373802 2.166700
17.632831 2.167120
17.882502 2.174797
18.141627 2.179508
18.420018 2.185030
18.698393 2.250252
18.986219 2.257814
19.264534 2.265310
19.552479 2.274094
19.821289 2.276926
20.090073 2.275229
20.348953 2.275133
20.588543 2.278633
20.799785 2.284250
20.991549 2.293692
21.192883 2.298832
21.346188 2.306051
21.499657 2.300148
21.652873 2.298861
21.767721 2.307749
21.892284 2.307835
22.007072 2.309933
22.112578 2.310266
22.217782 2.331781
22.333087 2.334995
22.466912 2.360039
22.591654 2.369108
22.744977 2.383947
22.888867 2.385921
23.042280 2.403669
23.185682 2.413883
23.339117 2.413588
23.472842 2.421818
23.596921 2.437410
23.711533 2.431269
23.835616 2.434826
23.949830 2.451048
24.073992 2.453413
24.207318 2.454014
24.340801 2.468491
24.474427 2.476788
24.636698 2.480469
24.799045 2.503223
24.990119 2.518606
25.171808 2.525768
25.372593 2.536469
25.563389 2.551155
25.745037 2.550840
25.936076 2.599039
26.088277 2.621326
26.250279 2.630949
26.412227 2.633295
26.564172 2.652483
26.687549 2.659025
26.830205 2.661886
26.963025 2.677689
27.086335 2.686205
27.219559 2.697268
27.352842 2.711210
27.495738 2.721395
27.648588 2.728529
27.811006 2.729082
27.992620 2.734566
28.183825 2.737799
28.356013 2.746582
28.547189 2.746897
28.719218 2.752504
28.910292 2.753458
29.082141 2.753859
29.234779 2.764053
29.397251 2.764301
29.540522 2.768965
29.683864 2.768774
29.817773 2.778769
29.990401 2.779474
30.162858 2.789240
30.325909 2.796450
30.517706 2.799225
30.700030 2.798214
30.891723 2.800980
31.073787 2.800474
31.236764 2.799549
31.379947 2.803116
31.504134 2.803850
31.618755 2.801876
31.704543 2.808495
31.761321 2.818699
31.808899 2.819710
31.846740 2.824287
31.865671 2.831030
31.893852 2.828407
31.893573 2.824812
31.902622 2.831135
31.911757 2.836380
31.911413 2.828846
31.920365 2.832527
31.929104 2.836676
31.957262 2.831049
31.985096 2.834044
32.003621 2.837524
32.012668 2.837801
32.031434 2.832394
32.031095 2.835999
32.011654 2.839346
32.002017 2.838306
31.992485 2.843485
31.973588 2.848625
31.954968 2.850199
31.945787 2.856407
31.946142 2.858095
31.946591 2.854319
31.975642 2.850885
32.004760 2.857990
32.052575 2.860508
32.081419 2.859850
32.129286 2.864485
32.186358 2.869549
32.224685 2.871418
32.282042 2.875700
32.339146 2.879934
32.406070 2.880116
32.472651 2.882795
32.539434 2.886353
32.615341 2.890959
32.672511 2.890854
32.738734 2.894621
32.814540 2.900429
32.890419 2.897940
32.976022 2.900476
33.071002 2.903566
33.156732 2.900639
33.261581 2.895508
33.356655 2.900810
33.461560 2.900171
33.556957 2.896986
33.652373 2.903452
33.728651 2.911730
33.805272 2.915392
33.881711 2.917814
33.939222 2.923679
34.016135 2.922630
34.073957 2.920980
34.141138 2.922554
34.218253 2.922478
34.276447 2.918901
34.334377 2.924900
34.392338 2.926960
34.459783 2.927418
34.527250 2.931147
34.594769 2.936649
34.652527 2.934923
34.700517 2.935810
34.748516 2.944756
34.777825 2.944412
34.806918 2.940826
34.845625 2.949152
34.865134 2.939672
34.914009 2.938585
34.971992 2.939091
35.039561 2.943382
35.126574 2.935553
35.222908 2.936440
35.328586 2.938051
35.443836 2.940845
35.577870 2.939882
35.702334 2.947731
35.826220 2.953014
35.921935 2.953157
36.046019 2.958527
36.141212 2.962446
36.226882 2.977371
36.331545 2.984724
36.407625 2.992039
36.483468 2.996044
36.559215 2.992582
36.653919 2.991476
36.729508 2.994652
36.814893 2.997017
36.900070 2.990074
36.985573 2.984571
37.061271 2.982321
37.137502 2.984781
37.213517 2.987719
37.280535 2.992601
37.337918 2.988844
37.376390 2.995281
37.405029 3.006945
37.433810 3.015976
37.453188 3.013248
37.472087 3.022976
37.509905 3.026562
37.528963 3.028574
37.566761 3.033123
37.595019 3.039970
37.642499 3.043737
37.680264 3.051653
37.718020 3.056307
37.765322 3.054428
37.831711 3.054352
37.888804 3.061142
37.964764 3.059492
38.041012 3.061218
38.116890 3.064098
38.173370 3.062134
38.230086 3.068171
38.267325 3.073740
38.314304 3.078766
38.332161 3.080873
38.340511 3.088837
38.348793 3.094893
38.338512 3.091660
38.337662 3.094053
38.346235 3.099079
38.336015 3.100605
38.335712 3.100586
38.345034 3.106956
38.335200 3.111353
38.325811 3.114119
38.325768 3.117208
38.325735 3.121500
38.335505 3.118773
38.326186 3.113031
38.335846 3.116646
38.345609 3.111744
38.346185 3.105860
38.356265 3.107624
38.366182 3.109894
38.386226 3.108759
38.434488 3.112965
38.473189 3.124504
38.540762 3.132830
38.608220 3.137836
38.694274 3.148603
38.780097 3.156490
38.884726 3.152065
38.979197 3.159161
39.063981 3.174744
39.148666 3.178434
39.213657 3.182745
39.250227 3.184528
39.258596 3.174067
39.257296 3.166227
39.237341 3.172274
39.208058 3.173265
39.179614 3.172617
39.170199 3.182077
39.170527 3.188505
39.190496 3.188925
39.238934 3.190260
39.296856 3.190298
39.354645 3.187208
39.412510 3.185720
39.460401 3.190460
39.517826 3.189640
39.537017 3.182278
39.546461 3.181496
39.546196 3.187017
39.536978 3.189135
39.498869 3.195114
39.479854 3.200836
39.451773 3.215609
39.432963 3.217669
39.404509 3.226891
39.385651 3.233566
39.375924 3.234100
39.384908 3.238363
39.374804 3.244181
39.373913 3.244715
39.382398 3.247318
39.381357 3.249702
39.380356 3.245716
39.379317 3.243456
39.358906 3.246813
39.339011 3.241768
39.300307 3.235788
39.280507 3.238935
39.241649 3.245773
39.212685 3.245287
39.183393 3.243484
39.173451 3.242455
39.173306 3.229580
39.191997 3.218870
39.210910 3.206902
39.220509 3.192501
39.277894 3.179111
39.326100 3.182592
39.364990 3.181877
39.394508 3.184490
39.424376 3.194942
39.444686 3.201733
39.474846 3.207464
39.495346 3.209076
39.515368 3.217239
39.525933 3.225222
39.498013 3.226824
39.488766 3.229246
39.441051 3.235283
39.412142 3.236704
39.344656 3.237448
39.315227 3.244524
39.257240 3.242521
39.227936 3.245726
39.207943 3.258419
39.197653 3.263292
39.187457 3.272247
39.205890 3.276262
39.224288 3.279867
39.271326 3.278141
39.327683 3.275518
39.384002 3.277311
39.440155 3.275671
39.496446 3.276424
39.552438 3.277435
39.599271 3.272285
39.665353 3.266430
39.721984 3.267193
39.759772 3.272867
39.798039 3.275633
39.836540 3.281422
39.884938 3.296833
39.943201 3.296213
40.001441 3.294735
40.078652 3.299522
40.146203 3.302279
40.213863 3.301487
40.309475 3.307896
40.395520 3.313560
40.491149 3.324270
40.605153 3.327351
40.700244 3.334169
40.804982 3.335590
40.909802 3.334513
41.033734 3.339548
41.158003 3.340864
41.282453 3.337841
41.416133 3.336906
41.550129 3.333874
41.693804 3.331337
41.837296 3.327417
41.970964 3.328991
42.085473 3.321686
42.199765 3.316441
42.304290 3.315287
42.370496 3.314342
42.417623 3.314848
42.445582 3.321390
42.435393 3.327284
42.444588 3.323851
42.434846 3.329649
42.406221 3.341455
42.368263 3.338900
42.330008 3.344765
42.282256 3.349905
42.215141 3.349619
42.167422 3.349152
42.090388 3.355246
41.994351 3.355970
41.898178 3.356562
41.801990 3.356609
41.686618 3.358326
41.590654 3.355627
41.494601 3.355207
41.388821 3.356581
41.274118 3.363409
41.187959 3.359852
41.082527 3.363352
40.967446 3.363810
40.843143 3.366375
40.747094 3.373346
40.622401 3.383369
40.497777 3.385830
40.392065 3.397818
40.295419 3.408117
40.227838 3.411427
40.140921 3.407803
40.063281 3.413544
39.976200 3.418837
39.898962 3.417788
39.840223 3.418722
39.734063 3.422298
39.647361 3.420372
39.560822 3.418961
39.473911 3.422394
39.377841 3.423300
39.301037 3.421946
39.214742 3.428392
39.147326 3.429375
39.080189 3.427029
39.022161 3.429184
38.954781 3.432426
38.897208 3.429432
38.858641 3.429136
38.801376 3.431063
38.744093 3.430433
38.706215 3.429632
38.659111 3.432369
38.621418 3.435030
38.564997 3.431826
38.517724 3.431864
38.460891 3.433561
38.385062 3.428793
38.338012 3.424006
38.280949 3.423119
38.214368 3.421726
38.167077 3.418331
38.119072 3.422832
38.080774 3.425589
38.023269 3.424253
37.965536 3.425608
37.898034 3.429918
37.830256 3.432302
37.743320 3.434858
37.636832 3.440161
37.530672 3.440380
37.404854 3.438663
37.260216 3.441000
37.106034 3.440580
36.952030 3.436079
36.788607 3.430090
36.625571 3.426876
36.481983 3.417645
36.357644 3.411369
36.242908 3.402529
36.118963 3.389511
36.033393 3.377705
35.947657 3.370590
35.852635 3.360748
35.757430 3.344288
35.672000 3.323174
35.567219 3.314762
35.443663 3.301573
35.319887 3.293762
35.157878 3.287754
34.996065 3.275280
34.805876 3.264570
34.606138 3.253345
34.387221 3.251858
34.149715 3.247280
33.921333 3.248863
33.683576 3.251362
33.445856 3.249989
33.188777 3.252239
32.941070 3.261251
32.683450 3.265676
32.425857 3.264856
32.167845 3.272171
31.900210 3.278284
31.651586 3.277349
31.392955 3.275681
31.134323 3.275452
30.875520 3.268757
30.635988 3.265114
30.377005 3.263006
30.127624 3.256493
29.887944 3.244810
29.657537 3.241997
29.417589 3.239918
29.177997 3.235893
28.967114 3.230171
28.718226 3.239832
28.478873 3.241110
28.258848 3.244839
28.057770 3.249912
27.828096 3.250818
27.636832 3.251944
27.445607 3.258095
27.244550 3.259344
27.063010 3.255024
26.871806 3.248577
26.689954 3.248024
26.489341 3.236570
26.288567 3.215857
26.078493 3.206978
25.839780 3.189878
25.620338 3.181057
25.381797 3.174992
25.152919 3.169441
24.924193 3.156214
24.724125 3.154793
24.514399 3.150253
24.342957 3.147612
24.171515 3.143082
24.009508 3.137417
23.875891 3.133688
23.723675 3.134556
23.599518 3.129358
23.475286 3.129892
23.332073 3.117447
23.217228 3.110094
23.083394 3.099174
22.939908 3.094234
22.786821 3.089476
22.633840 3.082733
22.461791 3.083229
22.299514 3.077755
22.108546 3.081703
21.927440 3.084879
21.746531 3.082142
21.555867 3.077831
21.374965 3.078690
21.193975 3.066425
21.013173 3.064127
20.832195 3.058462
20.641848 3.045902
20.470570 3.037367
20.289522 3.043346
20.089296 3.042307
19.889187 3.047018
19.707905 3.047037
19.497961 3.054743
19.297295 3.050661
19.115830 3.049726
18.934136 3.049173
18.742949 3.054085
18.561360 3.047781
18.398559 3.050594
18.235879 3.039217
18.073240 3.027954
17.919967 3.018703
17.766633 3.018160
17.603930 3.005219
17.441072 2.995062
17.288058 2.998924
17.125217 2.996340
16.953074 2.990084
16.790339 2.985106
16.608429 2.981882
16.455390 2.983398
16.292724 2.985725
16.111061 2.988348
15.958071 2.982922
15.785977 2.978458
15.623322 2.970877
15.460972 2.961321
15.279534 2.954178
15.098079 2.951088
14.916523 2.941875
14.735341 2.941027
14.573046 2.938128
14.363116 2.930622
14.172211 2.933998
13.972079 2.919817
13.762042 2.923079
13.561564 2.911434
13.361068 2.894764
13.160411 2.892151
12.959700 2.883873
12.778018 2.887325
12.605882 2.870607
12.433872 2.871456
12.261904 2.863569
12.128040 2.842741
11.974962 2.833242
11.831744 2.827730
11.717218 2.812881
11.593103 2.804670
11.468855 2.787971
11.344896 2.793121
11.230371 2.778072
11.106504 2.765121
10.982577 2.748003
10.858764 2.726135
10.725188 2.716961
10.591722 2.705870
10.468174 2.696400
10.334547 2.680283
10.210665 2.676649
10.077314 2.655888
9.963138 2.649422
9.839217 2.652340
9.724934 2.645206
9.639384 2.635126
9.534545 2.624645
9.420323 2.621841
9.325249 2.616024
9.210822 2.613115
9.105791 2.613297
9.001151 2.610559
8.905812 2.607889
8.800822 2.614012
8.686286 2.622204
8.590635 2.622690
8.485191 2.620602
8.379972 2.609482
8.284257 2.602787
8.178796 2.598333
8.063810 2.607193
7.958337 2.598009
7.853113 2.599030
7.738072 2.587233
7.632488 2.567606
7.546406 2.554007
7.441062 2.549496
7.355174 2.525158
7.259776 2.496634
7.173728 2.470589
7.097466 2.446394
7.021354 2.424984
6.945270 2.427969
6.868915 2.416315
6.802313 2.399931
6.736033 2.383242
6.679042 2.373438
6.603080 2.355776
6.536621 2.328482
6.469956 2.303095
6.403600 2.271709
6.337350 2.261610
6.251511 2.245235
6.175680 2.238131
6.099563 2.234144
6.033044 2.227659
5.966446 2.222996
5.890415 2.215195
5.833248 2.201223
5.756920 2.206039
5.690092 2.191553
5.613915 2.188826
5.546964 2.180948
5.470466 2.171669
5.384271 2.138290
5.317444 2.129555
5.240681 2.128868
5.164147 2.112436
5.097099 2.102461
5.020494 2.100058
4.963027 2.094746
4.905798 2.087460
4.838742 2.077036
4.781406 2.071495
4.733563 2.062769
4.676219 2.058535
4.628341 2.062998
4.599761 2.053795
4.542451 2.054424
4.504313 2.059908
4.475655 2.061806
4.437432 2.064867
4.428004 2.070351
4.399646 2.074270
4.371139 2.070093
4.352250 2.069530
4.304799 2.072611
4.266870 2.064514
4.247935 2.054453
4.219273 2.056608
4.162015 2.044258
4.124078 2.036724
4.076366 2.043219
4.028663 2.053318
3.981127 2.046881
3.923873 2.042942
3.876031 2.045002
3.828465 2.041264
3.780933 2.031374
3.723529 2.044411
3.685374 2.052021
3.637758 2.051315
3.609200 2.059221
3.580410 2.063780
3.542328 2.061481
3.523229 2.060661
3.504329 2.066221
3.475797 2.061014
3.446919 2.057238
3.418273 2.042150
3.389340 2.043009
3.360804 2.027588
3.322630 2.027235
3.274764 2.029190
3.245924 2.024603
3.198128 2.018175
3.159944 2.023163
3.112124 2.011423
3.064465 1.997252
3.016623 1.994448
2.978528 1.989403
2.930931 1.982031
2.883295 1.974325
2.835838 1.969328
2.788312 1.944323
2.740837 1.941071
2.693435 1.939697
2.655441 1.931906
2.617747 1.915646
2.579955 1.915035
2.542108 1.909046
2.504476 1.890249
2.476213 1.887016
2.457547 1.889219
2.419810 1.878967
2.391437 1.866398
2.362819 1.866589
2.334559 1.863976
2.315817 1.855946
2.287077 1.865206
2.277811 1.871624
2.230331 1.858206
2.221130 1.855736
2.192349 1.860390
2.183028 1.860523
2.173855 1.854544
2.145060 1.868820
2.116443 1.872864
2.107220 1.868467
2.087909 1.872787
2.068827 1.871443
2.059487 1.862736
2.049967 1.852655
2.040115 1.848621
2.020972 1.828003
2.011404 1.805029
2.001733 1.792421
1.982500 1.772995
1.963540 1.752253
1.934646 1.748600
1.915363 1.742134
1.886740 1.716928
1.848325 1.727810
1.829272 1.725483
1.800406 1.723232
1.781436 1.728363
1.743196 1.729898
1.723968 1.714106
1.705104 1.695662
1.704856 1.628084
1.695375 1.616220
1.685934 1.608887
1.666963 1.600475
1.647922 1.602621
1.628808 1.604671
1.619329 1.587629
1.600241 1.585770
1.561990 1.544466
1.543173 1.530323
1.514518 1.552477
1.485771 1.552029
1.447791 1.522350
1.428458 1.511173
1.399913 1.513128
1.381049 1.507702
1.381211 1.502905
1.333444 1.505508
1.314458 1.504297
1.285896 1.489038
1.257528 1.480083
1.229007 1.463385
1.200404 1.430502
1.200467 1.395845
1.152758 1.366749
1.133800 1.328707
1.114913 1.267672
1.095631 1.203184
1.076646 1.118002
1.048073 1.048155
1.028963 0.996857
1.019398 0.960693
0.990889 0.919867
0.971751 0.877161
0.943128 0.783739
0.933763 0.656710
0.914633 0.599937
0.886220 0.594635
0.867143 0.591688
0.828913 0.546846
0.819307 0.529718
0.790542 0.460844
0.771703 0.440960
0.762151 0.388050
0.733567 0.358849
0.714422 0.322151
0.685854 0.297356
0.657321 0.291271
0.638079 0.273256
0.609549 0.176020
0.590327 0.114489
0.561609 0.110140
0.542603 0.100489
0.533159 0.105162
0.523659 0.111456
0.504465 0.103731
0.494948 0.101337
0.475935 0.109072
0.447259 0.099840
0.437603 0.092583
0.418499 0.097952
0.399382 0.098429
0.380378 0.089407
0.361005 0.093966
0.342023 0.097761
0.332385 0.089264
0.313104 0.084314
0.284629 0.093346
0.255995 0.087233
0.236851 0.080633
0.208092 0.086727
0.198591 0.086784
0.170086 0.079327
0.141259 0.084982
0.131556 0.092821
0.102916 0.085554
0.103087 0.083790
0.083886 0.090094
0.074345 0.083265
0.074505 0.076084
0.055313 0.084753
0.045725 0.086660
0.036118 0.079260
0.036276 0.085020
0.017309 0.092402
0.017288 0.085087
0.017167 0.082331
0.026825 0.092058
0.017259 0.086050
0.017332 0.076990
0.007727 0.084639
0.000000 0.087061
0.007770 0.078869
0.000000 0.082922
0.000000 0.087862
0.000000 0.077839
0.000000 0.076323
0.000000 0.083103
0.000000 0.078297
0.000000 0.069571
0.000000 0.077286
0.000000 0.082664
0.000000 0.076151
0.000000 0.080357
0.000000 0.083675
0.000000 0.075979
0.000000 0.074234
0.000000 0.086069
0.007653 0.080767
0.007672 0.073309
0.007598 0.080538
0.000000 0.082216
0.007646 0.075312
0.017154 0.083847
0.007693 0.090933
0.017117 0.082016
0.036142 0.081177
0.017128 0.090580
0.017182 0.084696
0.017284 0.078707
0.017337 0.085497
0.026591 0.085363
0.017194 0.077543
0.026746 0.082111
0.036500 0.088863
0.036329 0.083475
0.045850 0.083666
0.045758 0.092554
0.055198 0.083237
0.055359 0.078087
0.065071 0.085249
0.064918 0.086536
0.065012 0.078268
0.074550 0.085478
0.064932 0.091648
0.055498 0.085411
0.065067 0.083294
0.055546 0.092144
0.046027 0.085468
0.045967 0.078144
0.046020 0.087099
0.045940 0.088215
0.046020 0.080404
0.036555 0.087557
0.036367 0.099964
0.026745 0.091839
0.026576 0.088930
0.026569 0.099030
0.036014 0.092812
0.036100 0.085926
0.045743 0.095663
0.045750 0.095673
0.045679 0.086241
0.036142 0.094700
0.045614 0.101337
0.036340 0.087719
0.055418 0.084200
0.045850 0.093136
0.046160 0.085993
0.055532 0.078506
0.046272 0.086164
0.046044 0.087776
0.046109 0.082912
0.036588 0.087519
0.046160 0.095901
0.046220 0.086441
0.055794 0.087175
0.036636 0.095119
0.046199 0.086842
0.046205 0.078135
0.046162 0.086355
0.036403 0.084963
0.046088 0.076609
0.046077 0.086260
0.045896 0.092192
0.055254 0.084581
0.064756 0.083456
0.055213 0.093384
0.055321 0.086937
0.045701 0.080538
0.055235 0.089064
0.035885 0.090551
0.045416 0.083008
0.045332 0.090609
0.035795 0.098886
0.045395 0.092373
0.045510 0.091143
0.045540 0.100193
0.035817 0.090551
0.035956 0.082197
0.035896 0.089703
0.026348 0.092688
0.035822 0.083199
0.036059 0.090971
0.026405 0.099220
0.026478 0.093498
0.007193 0.091858
0.007341 0.101385
0.000000 0.094557
0.007555 0.086994
0.007474 0.094843
0.000000 0.094948
0.000000 0.086899
0.000000 0.094461
0.000000 0.101690
0.007689 0.094309
0.000000 0.093269
0.000000 0.102396
0.000000 0.094185
