0.000000 0.165281
0.009358 0.157833
0.009622 0.166273
0.000000 0.167990
0.000000 0.159836
0.000000 0.166016
0.000000 0.173521
0.000000 0.165281
0.000000 0.163250
0.000000 0.172014
0.000000 0.165119
0.000000 0.157766
0.000000 0.166025
0.000000 0.167513
0.000000 0.159397
0.000000 0.165844
0.000000 0.173244
0.000000 0.165138
0.000000 0.163326
0.000000 0.172338
0.000000 0.165243
0.000000 0.158110
0.000000 0.166407
0.000000 0.167665
0.000000 0.160065
0.000000 0.166950
0.000000 0.174046
0.000000 0.165939
0.000000 0.164804
0.000000 0.173960
0.000000 0.166788
0.000000 0.159760
0.000000 0.167971
0.000000 0.169077
0.000000 0.161486
0.000000 0.168352
0.000000 0.175629
0.000000 0.167627
0.000000 0.166121
0.000000 0.175257
0.000000 0.167599
0.000000 0.160675
0.000000 0.168839
0.000000 0.169697
0.000000 0.161276
0.000000 0.168324
0.000000 0.175133
0.000000 0.167017
0.000000 0.165796
0.000000 0.174818
0.000000 0.166998
0.000000 0.160122
0.000000 0.168219
0.000000 0.168753
0.000000 0.160236
0.000000 0.167704
0.000000 0.174398
0.000000 0.166521
0.000000 0.165577
0.000000 0.174961
0.000000 0.166759
0.000000 0.159912
0.000000 0.167818
0.000000 0.168200
0.000000 0.159731
0.000000 0.167465
0.000000 0.174198
0.000000 0.166168
0.000000 0.165386
0.000000 0.174723
0.000000 0.166426
0.000000 0.159864
0.000000 0.167999
0.000000 0.168142
0.000000 0.159492
0.000000 0.167418
0.000000 0.173950
0.000000 0.166130
0.000000 0.165586
0.000000 0.174923
0.000000 0.166597
0.000000 0.160160
0.000000 0.167942
0.000000 0.167875
0.000000 0.159349
0.000000 0.167465
0.000000 0.173731
0.000000 0.166016
0.000000 0.165567
0.000000 0.174828
0.000000 0.166264
0.000000 0.160017
0.000000 0.167913
0.000000 0.167694
0.000000 0.159168
0.000000 0.167475
0.000000 0.173559
0.000000 0.166130
0.000000 0.165520
0.000000 0.175123
0.000000 0.166626
0.000000 0.160360
0.000000 0.168095
0.000000 0.167608
0.000000 0.158844
0.000000 0.167170
0.000000 0.173492
0.000000 0.166225
0.000000 0.165949
0.000000 0.175247
0.000000 0.166492
0.000000 0.160303
0.000000 0.167904
0.000000 0.167465
0.000000 0.159073
0.000000 0.167542
0.000000 0.173502
0.000000 0.166159
0.000000 0.166216
0.000000 0.175467
0.000000 0.166616
0.000000 0.160666
0.000000 0.167942
0.000000 0.167503
0.000000 0.158939
0.000000 0.167398
0.000000 0.173006
0.000000 0.165615
0.000000 0.166082
0.000000 0.175209
0.000000 0.166302
0.000000 0.160532
0.000000 0.168200
0.000000 0.167112
0.000000 0.158243
0.000000 0.166922
0.000000 0.172358
0.000000 0.165205
0.000000 0.165834
0.000000 0.174961
0.000000 0.166016
0.000000 0.160522
0.000000 0.168390
0.000000 0.166979
0.000000 0.158243
0.000000 0.166960
0.000000 0.172281
0.000000 0.165138
0.000000 0.167732
0.000000 0.179195
0.000000 0.171452
0.000000 0.172272
0.000000 0.183296
0.000000 0.183716
0.000000 0.179825
0.000000 0.195274
0.000000 0.208511
0.000000 0.213079
0.000000 0.229902
0.000000 0.252914
0.000000 0.257511
0.000000 0.252657
0.000000 0.265789
0.000000 0.267096
0.028065 0.261850
0.066113 0.270004
0.094812 0.269718
0.113931 0.259209
0.151977 0.258770
0.161485 0.258179
0.171187 0.242977
0.199682 0.234280
0.199640 0.241776
0.199701 0.240002
0.199734 0.236216
0.209133 0.252380
0.199534 0.261459
0.199579 0.264263
0.199582 0.269566
0.218546 0.280714
0.228168 0.279560
0.237613 0.414791
0.247422 0.626841
0.275904 0.733376
0.304516 0.909319
0.342618 0.970135
0.361605 1.059847
0.399920 1.108856
0.457481 1.148386
0.495405 1.254730
0.543444 1.279411
0.581444 1.280832
0.629011 1.343699
0.676806 1.434565
0.715122 1.501474
0.753393 1.590595
0.791705 1.653709
0.839429 1.660604
0.896758 1.732235
0.935040 1.843443
0.982865 1.878567
1.049609 1.881409
1.107039 1.936436
1.173957 1.954527
1.231538 1.977196
1.298370 2.050371
1.355666 2.038774
1.432190 2.087240
1.508683 2.124586
1.556254 2.152433
1.633009 2.218456
1.709554 2.222157
1.776392 2.243729
1.852713 2.263365
1.929457 2.300234
1.996541 2.325706
2.073107 2.346926
2.159254 2.360954
2.245272 2.383509
2.321904 2.414522
2.408231 2.447920
2.494233 2.460442
2.589761 2.477818
2.695295 2.494202
2.800663 2.512722
2.905897 2.528944
3.011180 2.538414
3.116887 2.544012
3.222208 2.556438
3.327404 2.584324
3.432782 2.587881
3.538153 2.598019
3.643344 2.625055
3.748804 2.630968
3.882749 2.645178
3.988160 2.663336
4.103134 2.682276
4.237314 2.695923
4.361858 2.715149
4.495764 2.735796
4.629816 2.750511
4.763859 2.764902
4.907602 2.782860
5.051163 2.806997
5.214154 2.813644
5.376723 2.836294
5.539742 2.857761
5.721639 2.869530
5.894008 2.883911
6.066417 2.902546
6.238933 2.904682
6.420752 2.916412
6.593236 2.925720
6.775355 2.935286
6.957058 2.943783
7.129324 2.959642
7.311280 2.971487
7.483625 2.988987
7.646286 3.007507
7.808780 3.009205
7.971338 3.023529
8.134154 3.034878
8.316079 3.048210
8.488090 3.059158
8.670121 3.064861
8.861582 3.075628
9.024408 3.077765
9.206141 3.085680
9.388024 3.091679
9.551040 3.092899
9.713796 3.097725
9.895748 3.098612
10.058635 3.111715
10.231186 3.121710
10.413232 3.130722
10.595028 3.132219
10.786192 3.143177
10.977780 3.153591
11.178736 3.168163
11.389092 3.180084
11.599504 3.182364
11.829149 3.191967
12.048860 3.200121
12.269054 3.205366
12.489005 3.214703
12.699246 3.222866
12.909643 3.230162
13.110814 3.237772
13.292271 3.244877
13.464483 3.252573
13.636812 3.260002
13.809223 3.265200
13.971891 3.272829
14.134690 3.282385
14.288049 3.284512
14.440913 3.295660
14.584827 3.314333
14.747832 3.324852
14.900795 3.336926
15.063486 3.345022
15.226300 3.350697
15.398714 3.360424
15.590051 3.372974
15.771736 3.375397
15.972887 3.381033
16.183394 3.395519
16.393774 3.404274
16.594738 3.413868
16.824274 3.426552
17.024993 3.438616
17.225792 3.449926
17.445740 3.465948
17.646404 3.480434
17.856974 3.490381
18.047970 3.498793
18.248392 3.508253
18.439239 3.518076
18.630137 3.526297
18.839898 3.536644
19.021139 3.544970
19.211873 3.549652
19.411997 3.552141
19.612139 3.555708
19.793404 3.554802
19.993437 3.547087
20.174743 3.540668
20.346482 3.532753
20.527961 3.517160
20.700095 3.512707
20.862570 3.502245
21.035038 3.493290
21.207437 3.487816
21.360857 3.491096
21.524074 3.493595
21.677843 3.492165
21.831477 3.496981
21.994742 3.498602
22.139014 3.498096
22.292399 3.501396
22.446107 3.505917
22.618954 3.507595
22.791441 3.509760
22.954425 3.514872
23.127120 3.515816
23.299455 3.521786
23.462244 3.533077
23.634627 3.534126
23.787688 3.533421
23.959907 3.535013
24.112820 3.537807
24.285016 3.537149
24.447652 3.535738
24.610266 3.538208
24.772820 3.531218
24.954561 3.523846
25.116996 3.523712
25.308384 3.524876
25.509449 3.524628
25.719700 3.527937
25.929933 3.532534
26.140488 3.532801
26.370116 3.534880
26.570612 3.538752
26.761980 3.539858
26.953185 3.540401
27.144416 3.544588
27.325888 3.543720
27.478591 3.540373
27.631363 3.522110
27.774796 3.518476
27.908824 3.513803
28.061954 3.511267
28.186462 3.513565
28.330219 3.512602
28.483454 3.509970
28.617551 3.515272
28.761246 3.515282
28.905034 3.512802
29.038904 3.518543
29.191775 3.521404
29.345175 3.518438
29.507612 3.517838
29.679686 3.521500
29.841977 3.518696
30.014325 3.515034
30.176764 3.517132
30.348753 3.517170
30.520994 3.515511
30.673943 3.516979
30.836812 3.519812
30.989948 3.523102
31.152670 3.523798
31.315431 3.529577
31.468706 3.530178
31.621727 3.530684
31.755459 3.536158
31.879701 3.538494
32.013249 3.541832
32.156602 3.545036
32.280473 3.552256
32.404354 3.552532
32.556829 3.552074
32.690272 3.552961
32.814142 3.550463
32.947401 3.548231
33.080936 3.549395
33.214643 3.548307
33.348199 3.547783
33.501056 3.557148
33.644480 3.560114
33.816457 3.557053
33.988656 3.553810
34.170328 3.555956
34.371377 3.551645
34.572215 3.548250
34.754204 3.543062
34.954752 3.539648
35.146341 3.536816
35.318383 3.538704
35.499842 3.541088
35.662595 3.536682
35.815346 3.534975
35.977787 3.536339
36.149676 3.530502
36.311925 3.530273
36.493396 3.525496
36.665364 3.525295
36.846979 3.526192
37.047753 3.531065
37.248449 3.533869
37.449115 3.533535
37.630902 3.537388
37.812953 3.545694
37.975372 3.544559
38.147801 3.546820
38.291072 3.551111
38.444151 3.552341
38.597408 3.551321
38.740843 3.553152
38.884269 3.554497
39.008516 3.551960
39.152019 3.548527
39.276280 3.545446
39.410323 3.539972
39.534751 3.536682
39.668815 3.538580
39.793328 3.539829
39.908365 3.538370
40.033047 3.540239
40.119437 3.541555
40.196072 3.540392
40.272732 3.540573
40.320306 3.543787
40.368191 3.539438
40.425490 3.532801
40.472962 3.526535
40.520618 3.514709
40.577679 3.506937
40.634818 3.501768
40.691703 3.497839
40.739398 3.490257
40.796512 3.490772
40.853593 3.492556
40.910812 3.488102
40.958564 3.483496
41.015600 3.478060
41.063507 3.463678
41.092196 3.453627
41.130712 3.450480
41.140738 3.440199
41.160282 3.417902
41.160928 3.386345
41.151973 3.351603
41.153082 3.318806
41.144271 3.294811
41.126475 3.283854
41.099135 3.278265
41.071755 3.276653
41.034882 3.285036
40.997778 3.288813
40.960760 3.287458
40.942978 3.289042
40.905873 3.292999
40.887811 3.296490
40.879308 3.293495
40.879938 3.293324
40.880877 3.296270
40.900789 3.296824
40.920795 3.300781
40.940801 3.303232
40.979903 3.308182
41.008787 3.315563
41.028536 3.329487
41.076677 3.342590
41.134774 3.347712
41.172831 3.352833
41.258671 3.358355
41.335192 3.363895
41.421017 3.377733
41.516026 3.383503
41.611444 3.384647
41.706545 3.386841
41.772864 3.392754
41.848636 3.392916
41.914988 3.393068
41.971944 3.398409
42.028589 3.403387
42.076222 3.402433
42.123722 3.404913
42.171130 3.410645
42.218747 3.410873
42.294590 3.413410
42.361307 3.417673
42.437427 3.418064
42.513602 3.421316
42.599520 3.432493
42.675961 3.434515
42.752241 3.438530
42.828551 3.452158
42.914344 3.467941
42.990740 3.478918
43.076447 3.502359
43.133314 3.525696
43.190660 3.546085
43.247629 3.561840
43.304590 3.590069
43.351490 3.605089
43.398646 3.616047
43.435982 3.631144
43.473388 3.640614
43.520132 3.643579
43.557378 3.649206
43.575787 3.653374
43.622958 3.651133
43.660600 3.650980
43.697939 3.650875
43.726373 3.648100
43.745265 3.641901
43.773760 3.638897
43.773636 3.637228
43.773619 3.632259
43.764138 3.629942
43.716482 3.624706
43.659362 3.617172
43.573640 3.599033
43.497229 3.581944
43.392335 3.568945
43.278105 3.557100
43.144662 3.549957
43.011137 3.543758
42.868321 3.534908
42.706242 3.534679
42.534531 3.535604
42.362916 3.531904
42.172273 3.530598
41.981457 3.534145
41.771211 3.535461
41.532265 3.537560
41.293287 3.545971
41.044436 3.552294
40.766933 3.555336
40.479701 3.559771
40.173011 3.567591
39.866360 3.567181
39.549956 3.569822
39.214342 3.575659
38.878629 3.576994
38.533237 3.579979
38.197117 3.589563
37.851619 3.598032
37.506263 3.597498
37.170239 3.597584
36.824646 3.596449
36.488604 3.591728
36.152731 3.586540
35.797741 3.580704
35.461841 3.572426
35.126526 3.561487
34.800219 3.556805
34.474621 3.551426
34.149079 3.540363
33.833271 3.534622
33.526890 3.533516
33.211366 3.529968
32.905363 3.528690
32.599325 3.530445
32.293355 3.534575
32.016353 3.534107
31.710562 3.535976
31.414433 3.534069
31.127818 3.531351
30.860301 3.532515
30.583355 3.534164
30.316119 3.534794
30.067915 3.533707
29.829262 3.537788
29.590826 3.534784
29.380857 3.531828
29.161499 3.532925
28.961108 3.534985
28.770492 3.531399
28.589425 3.529139
28.389146 3.525705
28.207855 3.517113
27.998211 3.512020
27.778504 3.509388
27.539717 3.503723
27.291431 3.500042
27.014004 3.494749
26.746124 3.490467
26.459352 3.483124
26.191282 3.476496
25.894485 3.470783
25.607791 3.459320
25.329891 3.449278
25.051996 3.438816
24.755174 3.423996
24.449009 3.409433
24.152197 3.399401
23.836066 3.388844
23.510746 3.365698
23.175583 3.352499
22.811868 3.334894
22.438577 3.322010
22.055917 3.306303
21.663409 3.299017
21.242384 3.282976
20.840386 3.273315
20.428810 3.264465
20.026896 3.255472
19.644429 3.249378
19.290319 3.244095
18.946060 3.239746
18.630448 3.231173
18.334035 3.219976
18.056680 3.216076
17.789250 3.208094
17.540784 3.191395
17.292159 3.178253
17.034352 3.164778
16.786046 3.138456
16.518872 3.127775
16.260875 3.121967
15.993636 3.110485
15.716737 3.105583
15.449124 3.113470
15.181885 3.116503
14.933654 3.114405
14.694831 3.119459
14.475091 3.115921
14.284159 3.107090
14.092949 3.096123
13.911437 3.100471
13.739372 3.095379
13.567173 3.090563
13.385372 3.091288
13.193916 3.084679
13.002361 3.077974
12.810760 3.062458
12.590500 3.041191
12.350994 3.021622
12.092175 3.009987
11.833373 3.006935
11.555813 3.015041
11.287497 3.013449
10.999946 3.010092
10.712235 3.015985
10.453645 3.011703
10.185239 3.007479
9.936069 3.008108
9.696382 2.993851
9.475436 2.995243
9.245366 2.991734
9.034389 2.970581
8.823236 2.957621
8.602862 2.930012
8.391784 2.912979
8.190483 2.898340
7.960583 2.890024
7.749422 2.866354
7.528993 2.852859
7.308407 2.855253
7.069024 2.845068
6.858068 2.844801
6.647077 2.846508
6.455499 2.853832
6.263790 2.847557
6.100770 2.841797
5.947333 2.832613
5.803681 2.830687
5.659959 2.823696
5.535463 2.824917
5.391817 2.820311
5.276971 2.804213
5.162103 2.782907
5.047118 2.774649
4.932245 2.728786
4.817308 2.704554
4.702499 2.687817
4.568667 2.687502
4.453852 2.643623
4.329395 2.624130
4.214651 2.589130
4.090154 2.574244
3.966062 2.557354
3.822372 2.553740
3.698267 2.544012
3.573942 2.549610
3.459263 2.553387
3.335024 2.534828
3.248825 2.537270
3.162832 2.543058
3.086432 2.513475
3.029134 2.507067
2.981362 2.512732
2.924216 2.485380
2.857408 2.435331
2.819513 2.404146
2.781379 2.385187
2.724131 2.373409
2.676533 2.359905
2.619112 2.352877
2.561946 2.362604
2.514355 2.343349
2.457214 2.357244
2.409299 2.345333
2.361778 2.330332
2.323638 2.304935
2.275728 2.275639
2.237390 2.253180
2.189815 2.231112
2.151444 2.224903
2.103763 2.207851
2.065574 2.173567
2.027521 2.150803
1.979768 2.135887
1.931725 2.073669
1.884321 2.044058
1.826959 2.031889
1.769598 2.014732
1.712412 1.981020
1.664640 1.983128
1.607152 1.971760
1.549858 1.964941
1.502214 1.956577
1.454516 1.956358
1.397172 1.946907
1.368890 1.952858
1.321118 1.976147
1.282872 1.973820
1.254647 1.957407
1.235587 1.948280
1.207032 1.941986
1.188297 1.926804
1.169209 1.888628
1.140658 1.851568
1.131332 1.824455
1.112415 1.795931
1.093159 1.747408
1.064564 1.731977
1.045598 1.706753
1.016839 1.695061
0.988113 1.668634
0.969265 1.649837
0.949969 1.631126
0.911844 1.629181
0.902468 1.614399
0.883397 1.585159
0.864382 1.592636
0.854890 1.561737
0.836019 1.537580
0.835875 1.526985
0.807469 1.491385
0.807192 1.479969
0.797918 1.466074
0.778885 1.426611
0.769035 1.353340
0.750059 1.381073
0.730816 1.291971
0.721376 1.265879
0.682905 1.233931
0.683081 1.195946
0.654388 1.203623
0.644765 1.132498
0.616020 1.085606
0.577617 1.098700
0.558626 1.019468
0.530093 0.970039
0.510961 0.913191
0.472930 0.881910
0.472696 0.819302
0.444188 0.784302
0.415152 0.748672
0.405686 0.717802
0.386652 0.678139
0.367660 0.624352
0.358006 0.617561
0.348695 0.537081
0.329738 0.488749
0.320098 0.414762
0.301019 0.363073
0.282196 0.302935
0.263216 0.265179
0.253835 0.243025
0.244405 0.214500
0.225364 0.240927
0.215823 0.282478
0.206364 0.305099
0.196755 0.347576
0.187268 0.378752
0.177896 0.443964
0.168290 0.501995
0.168461 0.519257
0.158786 0.504217
0.168493 0.471601
0.168306 0.411263
0.177874 0.269794
0.187480 0.172205
0.177816 0.166159
0.168279 0.072098
0.177890 0.060349
0.177629 0.000401
0.168039 0.005035
0.158620 0.000000
0.158449 0.000000
0.149040 0.007982
0.139548 0.000000
0.120433 0.000000
0.110757 0.001974
0.091605 0.000019
0.082217 0.000000
0.062989 0.000353
0.034452 0.004950
0.015513 0.000000
0.006039 0.000000
0.000000 0.008144
0.000000 0.000000
0.000000 0.000000
0.000000 0.002155
0.000000 0.000000
0.000000 0.000000
0.000000 0.000324
0.000000 0.004816
0.000000 0.000000
0.000000 0.000000
0.000000 0.008173
0.000000 0.000000
0.000000 0.000000
0.000000 0.002451
0.000000 0.000000
0.000000 0.000000
0.000000 0.000391
0.000000 0.004606
0.000000 0.000000
0.000000 0.000000
0.000000 0.008221
0.000000 0.000000
0.000000 0.000000
0.000000 0.002613
0.000000 0.000000
0.000000 0.000000
0.000000 0.000343
0.000000 0.004425
0.000000 0.000000
0.000000 0.000000
0.000000 0.008154
0.000000 0.000000
0.000000 0.000000
0.000000 0.002823
0.000000 0.000000
0.000000 0.000000
0.000000 0.000334
0.000000 0.004253
0.000000 0.000000
0.000000 0.000000
0.000000 0.008106
0.000000 0.000000
0.000000 0.000000
0.000000 0.003023
0.000000 0.000000
0.000000 0.000000
0.000000 0.000305
0.000000 0.004072
0.000000 0.000000
0.000000 0.000000
0.000000 0.008078
0.000000 0.000000
0.000000 0.000000
0.000000 0.003290
0.000000 0.000000
0.000000 0.000000
0.000000 0.000324
0.000000 0.003881
0.000000 0.000000
0.000000 0.000038
0.000000 0.008011
0.000000 0.000000
0.000000 0.000000
0.000000 0.003481
0.000000 0.000000
0.000000 0.000000
0.000000 0.000315
0.000000 0.003681
0.000000 0.000000
0.000000 0.000086
0.000000 0.007973
0.000000 0.000000
0.000000 0.000000
0.000000 0.003815
0.000000 0.000000
0.000000 0.000000
0.000000 0.000315
0.000000 0.003672
0.000000 0.000000
0.000000 0.000124
0.000000 0.008287
0.000000 0.000000
0.000000 0.000000
0.000000 0.004206
0.000000 0.000000
0.000000 0.000000
0.000000 0.000381
0.000000 0.003405
0.000000 0.000000
0.000000 0.000134
