0.000000 0.098925
0.000000 0.108042
0.000000 0.101433
0.000000 0.093775
0.000000 0.102310
0.000000 0.104027
0.000000 0.095615
0.000000 0.101776
0.000000 0.109739
0.000000 0.101538
0.000000 0.099440
0.000000 0.108423
0.000000 0.101566
0.000000 0.093880
0.000000 0.102224
0.000000 0.103645
0.000000 0.095129
0.000000 0.101461
0.000000 0.108700
0.000000 0.100355
0.000000 0.098362
0.000000 0.107508
0.000000 0.100689
0.000000 0.093174
0.009074 0.101538
0.008968 0.103045
0.009079 0.094662
0.028109 0.101175
0.018417 0.108767
0.027972 0.100470
0.037447 0.098467
0.027808 0.107737
0.037442 0.100718
0.027813 0.093327
0.027904 0.101852
0.027866 0.103359
0.027802 0.095043
0.037442 0.101633
0.027925 0.109072
0.027738 0.100851
0.037544 0.099106
0.037527 0.108500
0.028018 0.101318
0.018562 0.094004
0.018514 0.102348
0.018473 0.103788
0.008871 0.095348
0.018423 0.102015
0.008797 0.109472
0.000000 0.101357
0.000000 0.099411
0.000000 0.108652
0.000000 0.101557
0.000000 0.094185
0.000000 0.102472
0.000000 0.103731
0.000000 0.095205
0.000000 0.101881
0.000000 0.109148
0.000000 0.101004
0.000000 0.099239
0.000000 0.108528
0.000000 0.101261
0.000000 0.094128
0.000000 0.102158
0.000000 0.103378
0.000000 0.095129
0.000000 0.101748
0.000000 0.109053
0.000000 0.101156
0.000000 0.099545
0.000000 0.108919
0.000000 0.101652
0.008829 0.094414
0.000000 0.102587
0.000000 0.103703
0.000000 0.095282
0.000000 0.102177
0.000000 0.109444
0.000000 0.101500
0.000000 0.099936
0.000000 0.109186
0.000000 0.101919
0.017973 0.094748
0.017674 0.102968
0.027357 0.103998
0.036972 0.095472
0.036961 0.102358
0.036836 0.109520
0.027301 0.101595
0.027314 0.099974
0.027286 0.109329
0.027457 0.101833
0.027446 0.094509
0.027392 0.102777
0.027383 0.103836
0.036885 0.095282
0.027290 0.102453
0.017689 0.109663
0.017646 0.101595
0.017796 0.100183
0.017710 0.109625
0.008202 0.102062
0.008216 0.094833
0.017725 0.103149
0.008183 0.103998
0.008146 0.095482
0.008226 0.102863
0.008065 0.110054
0.017660 0.102015
0.017549 0.100737
0.007910 0.110588
0.017649 0.102787
0.017595 0.095491
0.017763 0.103712
0.017673 0.104427
0.017815 0.095587
0.017698 0.103045
0.017602 0.110197
0.017686 0.102100
0.027262 0.100832
0.017825 0.110426
0.027314 0.102606
0.027198 0.095415
0.017494 0.103626
0.027021 0.104380
0.027030 0.095701
0.036568 0.103226
0.036459 0.110302
0.046108 0.102329
0.065175 0.101089
0.055617 0.110817
0.045969 0.102797
0.045974 0.095787
0.045824 0.104008
0.036418 0.104580
0.026787 0.095930
0.026864 0.103426
0.017167 0.110207
0.017204 0.102167
0.000000 0.100861
0.017188 0.110464
0.007674 0.102634
0.007700 0.095692
0.007695 0.103893
0.007728 0.104465
0.000000 0.095682
0.000000 0.103331
0.000000 0.110273
0.000000 0.102329
0.000000 0.101261
0.000000 0.110893
0.000000 0.102997
0.000000 0.095863
0.000000 0.104017
0.000000 0.104418
0.000000 0.095663
0.000000 0.103369
0.000000 0.110264
0.000000 0.102377
0.000000 0.101404
0.000000 0.110922
0.000000 0.102901
0.000000 0.095863
0.000000 0.104017
0.017323 0.104370
0.017353 0.095568
0.027012 0.103197
0.027113 0.109873
0.027066 0.102177
0.036545 0.101299
0.046042 0.110884
0.046052 0.102806
0.046202 0.096006
0.036766 0.104237
0.027131 0.104589
0.017679 0.095692
0.027268 0.103598
0.017736 0.110292
0.027407 0.102673
0.027200 0.101786
0.017502 0.111351
0.017598 0.103388
0.007971 0.096540
0.017655 0.104465
0.008042 0.104876
0.036440 0.096216
0.036606 0.104113
0.045960 0.110512
0.036284 0.102749
0.045849 0.101433
0.045698 0.110922
0.045463 0.102730
0.045484 0.095901
0.045447 0.104179
0.054852 0.104351
0.054918 0.095358
0.045206 0.102997
0.045279 0.109987
0.045183 0.102110
0.054877 0.101318
0.035638 0.110836
0.035713 0.102816
0.035729 0.096054
0.035697 0.104036
0.035687 0.104151
0.026215 0.095415
0.026380 0.103426
0.016854 0.110140
0.026443 0.102339
0.026492 0.101948
0.026433 0.111914
0.026480 0.103493
0.035979 0.096893
0.035959 0.104952
0.035950 0.104761
0.055278 0.095882
0.064830 0.103884
0.055180 0.110483
0.055203 0.102482
0.045818 0.102110
0.045966 0.111589
0.045930 0.103025
0.055656 0.096169
0.036409 0.104208
0.046010 0.104370
0.046062 0.095434
0.046089 0.103397
0.046100 0.109806
0.046089 0.102234
0.065238 0.101891
0.055545 0.111666
0.055774 0.103273
0.074949 0.096674
0.065482 0.104771
0.074839 0.104504
0.065466 0.095816
0.065450 0.104103
0.065263 0.110588
0.065156 0.102806
0.084123 0.103073
0.055503 0.112858
0.064919 0.104179
0.055572 0.097723
0.055256 0.105915
0.055343 0.105400
0.045768 0.096493
0.045928 0.104771
0.036205 0.111246
0.036184 0.103521
0.055488 0.103388
0.036291 0.112963
0.026809 0.104408
0.026868 0.097952
0.026754 0.105896
0.026735 0.105257
0.017353 0.096159
0.026906 0.104418
0.027003 0.110712
0.036639 0.103006
0.055659 0.102911
0.065190 0.112591
0.065185 0.104065
0.074817 0.097818
0.065045 0.105782
0.074508 0.105228
0.065184 0.096178
0.065168 0.104523
0.055417 0.110798
0.065030 0.103102
0.055558 0.102940
0.046128 0.112677
0.036617 0.103807
0.027067 0.097599
0.027043 0.105562
0.027040 0.105057
0.017515 0.096149
0.007929 0.104523
0.007912 0.110817
0.000000 0.103140
0.000000 0.103292
0.000000 0.113058
0.000000 0.104246
0.000000 0.097904
0.000000 0.106077
0.000000 0.105305
0.000000 0.096235
0.000000 0.104780
0.000000 0.110731
0.000000 0.103045
0.000000 0.103388
0.000000 0.113001
0.000000 0.104294
0.000000 0.098076
0.000000 0.106106
0.000000 0.105085
0.000000 0.096178
0.000000 0.104895
0.000000 0.110893
0.000000 0.103159
0.007503 0.103550
0.000000 0.113230
0.000000 0.104513
0.000000 0.098343
0.000000 0.106268
0.000000 0.105190
0.000000 0.096273
0.000000 0.104799
0.000000 0.110664
0.000000 0.103121
0.000000 0.103474
0.000000 0.113039
0.000000 0.104332
0.000000 0.098333
0.000000 0.106268
0.000000 0.105152
0.000000 0.096226
0.016890 0.104914
0.026391 0.110817
0.045584 0.103321
0.055090 0.103855
0.064421 0.113363
0.074127 0.104628
0.083761 0.098705
0.093206 0.106640
0.083511 0.105371
0.074050 0.096474
0.074107 0.104971
0.055008 0.110922
0.045520 0.103426
0.045580 0.104017
0.035924 0.113430
0.035983 0.104475
0.035925 0.098629
0.016839 0.106573
0.016906 0.105209
0.016994 0.096407
0.016786 0.105133
0.007341 0.110807
0.007368 0.103226
0.016964 0.103884
0.000000 0.113344
0.000000 0.104322
0.000000 0.098486
0.000000 0.106487
0.000000 0.105162
0.007656 0.096407
0.000000 0.105095
0.000000 0.110664
0.000000 0.103254
0.000000 0.104046
0.000000 0.113268
0.000000 0.104475
0.000000 0.098810
0.000000 0.106707
0.000000 0.105286
0.000000 0.096397
0.000000 0.105352
0.000000 0.110836
0.000000 0.103464
0.000000 0.104399
0.000000 0.113773
0.000000 0.104942
0.000000 0.099316
0.000000 0.107327
0.000000 0.105686
0.000000 0.096912
0.000000 0.105581
0.000000 0.110903
0.000000 0.103493
0.000000 0.104561
0.000000 0.113993
0.000000 0.105247
0.000000 0.099688
0.000000 0.107279
0.000000 0.105124
0.000000 0.095997
0.000000 0.104313
0.000000 0.109711
0.000000 0.102310
0.007473 0.103874
0.007408 0.112925
0.007418 0.103397
0.017038 0.098715
0.036116 0.106077
0.036021 0.103083
0.055391 0.094566
0.074527 0.101585
0.093424 0.106421
0.112693 0.095911
0.131916 0.096016
0.141509 0.106726
0.151129 0.096951
0.170197 0.092955
0.179850 0.101871
0.189372 0.099382
0.208529 0.088234
0.218245 0.095291
0.246898 0.099087
0.256572 0.090179
0.266221 0.092812
0.275841 0.103216
0.285484 0.092592
0.304818 0.087624
0.324057 0.097284
0.324128 0.097580
0.352874 0.085173
0.391173 0.093288
0.400823 0.098534
0.439089 0.096169
0.458157 0.103025
0.515662 0.109901
0.544190 0.110359
0.582355 0.108051
0.630014 0.112543
0.677519 0.108538
0.725134 0.102577
0.772761 0.114470
0.829764 0.119123
0.896516 0.103378
0.953600 0.099030
1.010581 0.121937
1.077274 0.105467
1.143969 0.093508
1.201158 0.100393
1.277251 0.104542
1.343960 0.134897
1.429992 0.127420
1.496736 0.260944
1.592317 0.306063
1.687824 0.350189
1.783554 0.416985
1.888739 0.456429
2.003532 0.486698
2.118527 0.564861
2.242891 0.695467
2.367478 0.741386
2.491861 0.774803
2.616254 0.811949
2.740767 0.847759
2.884133 0.899935
2.989211 0.934734
3.103905 0.918884
3.218472 0.958052
3.323342 1.028128
3.428406 1.042185
3.533423 1.112213
3.628683 1.154852
3.733442 1.205425
3.828783 1.275396
3.943161 1.326075
4.048022 1.400309
4.152972 1.467876
4.257843 1.530218
4.372345 1.578808
4.496332 1.627216
4.620516 1.636076
4.754118 1.660070
4.859298 1.669741
4.993104 1.685228
5.107978 1.709042
5.222821 1.782455
5.356954 1.802025
5.491037 1.804476
5.625190 1.807528
5.749894 1.854143
5.874665 1.871099
5.999371 1.872864
6.124081 1.884527
6.248707 1.899471
6.392590 1.911831
6.498076 1.923265
6.622741 1.935129
6.737773 1.941471
6.862331 1.959400
6.996400 1.948671
7.139916 1.953068
7.264132 1.978960
7.398061 1.980038
7.522677 1.979990
7.646764 2.007933
7.751881 2.021170
7.876123 2.031498
7.981367 2.051897
8.086662 2.073250
8.201434 2.081823
8.316415 2.091522
8.421571 2.106390
8.526896 2.106209
8.632434 2.110729
8.728263 2.116337
8.843252 2.130976
8.958338 2.142506
9.082778 2.144480
9.197536 2.150974
9.321969 2.153702
9.427276 2.151861
9.541993 2.162390
9.647105 2.162590
9.752173 2.161341
9.866763 2.165604
9.971783 2.173586
10.076734 2.171545
10.181781 2.170277
10.277259 2.169189
10.391769 2.160044
10.497099 2.163668
10.602330 2.175913
10.698002 2.174349
10.812901 2.173243
10.927931 2.175179
11.033497 2.188148
11.148523 2.189379
11.282861 2.197456
11.398198 2.207880
11.513421 2.205153
11.647798 2.206755
11.772705 2.213640
11.897269 2.218857
12.031626 2.216978
12.156116 2.211571
12.261580 2.213469
12.367044 2.206316
12.462824 2.205305
12.558480 2.213564
12.644524 2.212982
12.730794 2.210617
12.807420 2.218523
12.874516 2.223215
12.960779 2.222357
13.056682 2.228584
13.133603 2.232933
13.220036 2.233791
13.325840 2.230835
13.422147 2.239885
13.547055 2.240257
13.662565 2.239237
13.787514 2.243986
13.893511 2.246046
14.047090 2.247572
14.191265 2.251873
14.354336 2.255564
14.507929 2.259159
14.671071 2.257652
14.824523 2.267494
14.968377 2.274437
15.121817 2.275066
15.265439 2.276077
15.418663 2.294827
15.562475 2.321157
15.686791 2.356720
15.830561 2.377129
15.964723 2.377033
16.127517 2.383585
16.271114 2.396793
16.414896 2.400913
16.577772 2.412462
16.740572 2.430744
16.893656 2.443399
17.056397 2.443085
17.237779 2.455673
17.390524 2.480440
17.552815 2.497892
17.686040 2.504864
17.828830 2.515240
17.942700 2.526226
18.066053 2.533970
18.170173 2.556686
18.255358 2.569885
18.349824 2.589502
18.444502 2.607231
18.529431 2.617369
18.624133 2.611732
18.728470 2.606354
18.823189 2.617807
18.927835 2.619581
19.061126 2.620592
19.175342 2.627449
19.308700 2.631321
19.432786 2.632294
19.566508 2.641439
19.709846 2.650967
19.834345 2.653551
19.968130 2.653742
20.083030 2.662134
20.188363 2.657814
20.284182 2.654343
20.379838 2.650890
20.456281 2.649593
20.532810 2.647982
20.599700 2.649841
20.675972 2.653856
20.733482 2.653980
20.809857 2.651558
20.876896 2.648764
20.963015 2.643633
21.039899 2.641535
21.126110 2.644272
21.222082 2.641783
21.327725 2.629738
21.433385 2.621059
21.548463 2.610655
21.654237 2.596645
21.759930 2.588472
21.856009 2.589569
21.951910 2.589493
22.019189 2.590694
22.096025 2.602320
22.163304 2.616072
22.230605 2.621794
22.316964 2.632465
22.403014 2.645283
22.489403 2.658482
22.594807 2.670126
22.719013 2.681417
22.833728 2.689857
22.957983 2.693892
23.081623 2.706385
23.195972 2.721357
23.310047 2.729883
23.424016 2.742167
23.528036 2.756882
23.603558 2.761068
23.688415 2.767410
23.753996 2.784166
23.819673 2.792959
23.875630 2.808084
23.941259 2.822218
24.016488 2.840042
24.082205 2.846155
24.166817 2.857828
24.232447 2.868757
24.317487 2.869720
24.402535 2.872143
24.487595 2.875671
24.544053 2.873316
24.638903 2.870216
24.714707 2.868109
24.790639 2.859669
24.876451 2.856646
24.943131 2.855873
25.019448 2.854013
25.077170 2.844830
25.144144 2.839661
25.211345 2.841740
25.268903 2.835522
25.336262 2.828302
25.403613 2.830410
25.451710 2.831917
25.519101 2.830181
25.576718 2.836742
25.634536 2.848206
25.701906 2.850084
25.778706 2.855759
25.836134 2.875042
25.903366 2.881498
25.989442 2.883711
26.046634 2.882433
26.122888 2.885675
26.179912 2.882872
26.246639 2.891884
26.303593 2.905083
26.350937 2.908096
26.388829 2.922144
26.426525 2.937555
26.464396 2.947254
26.531041 2.958794
26.597446 2.974873
26.664076 2.983713
26.740058 2.985020
26.825746 3.000765
26.911227 3.009672
26.996949 3.012466
27.101441 3.020372
27.196570 3.026991
27.301158 3.033066
27.396129 3.037863
27.500732 3.041515
27.586201 3.046265
27.690883 3.050280
27.805049 3.056755
27.890484 3.060598
27.995273 3.058844
28.109424 3.054771
28.233196 3.057928
28.357232 3.055773
28.509798 3.049564
28.662468 3.050165
28.815165 3.049355
28.968167 3.044653
29.130663 3.042021
29.283538 3.039007
29.446309 3.030930
29.609252 3.023529
29.762641 3.019648
29.887753 3.012791
30.012918 3.007879
30.148136 3.010054
30.254516 3.003340
30.361302 2.992134
30.497000 2.985554
30.613399 2.985125
30.729962 2.984257
30.856213 2.983999
30.982181 2.987118
31.098618 2.981005
31.224535 2.973280
31.340700 2.969780
31.418456 2.967157
31.515154 2.956772
31.592740 2.953644
31.651074 2.938433
31.690567 2.920790
31.748950 2.913475
31.768969 2.917824
31.779917 2.922754
31.790634 2.927999
31.820471 2.927446
31.840471 2.930145
31.879803 2.925034
31.947493 2.924719
31.986388 2.914381
32.053811 2.909317
32.130639 2.911263
32.207523 2.913847
32.303128 2.911625
32.418196 2.910566
32.513881 2.919388
32.599978 2.925949
32.705554 2.926636
32.820480 2.936287
32.906696 2.952442
33.002882 2.964611
33.117772 2.976484
33.232806 2.989063
33.347606 2.998066
33.481557 3.002577
33.605353 3.021708
33.748169 3.047924
33.909924 3.050890
34.052296 3.061209
34.175125 3.068047
34.298173 3.068876
34.421041 3.069868
34.505577 3.069420
34.590402 3.064919
34.665784 3.054256
34.731763 3.050814
34.797922 3.048525
34.864534 3.047123
34.959905 3.049746
35.045928 3.058043
35.151259 3.059149
35.275589 3.059998
35.390401 3.064203
35.514692 3.065739
35.638934 3.061209
35.762883 3.067865
35.867718 3.065214
35.944205 3.056717
36.020362 3.048697
36.058382 3.051519
36.106328 3.053102
36.144700 3.064823
36.183319 3.074999
36.240979 3.079329
36.308309 3.075314
36.394359 3.074455
36.480410 3.080025
36.585407 3.077030
36.718769 3.080025
36.832913 3.082037
36.984963 3.080797
37.108358 3.080473
37.241088 3.088465
37.345204 3.090906
37.459084 3.091087
37.544422 3.099489
37.629993 3.104515
37.735073 3.100977
37.830837 3.105507
37.945891 3.115253
38.070782 3.118219
38.224130 3.118343
38.367770 3.119984
38.539929 3.122015
38.711949 3.125362
38.893080 3.125830
39.064534 3.128881
39.235992 3.122215
39.397848 3.126392
39.550171 3.131971
39.703164 3.134041
39.836916 3.139868
39.980651 3.147869
40.124287 3.147612
40.277985 3.156796
40.450591 3.167362
40.632616 3.175220
40.814624 3.174753
41.015506 3.182402
41.225389 3.192053
41.435442 3.191738
41.635441 3.192253
41.816034 3.198395
41.996826 3.198481
42.167883 3.194656
42.310547 3.204498
42.424383 3.214169
42.510115 3.219299
42.585847 3.228617
42.623379 3.242931
42.641897 3.247747
42.660088 3.251877
42.639540 3.259134
42.609391 3.256531
42.569430 3.248196
42.509885 3.240452
42.440641 3.228979
42.362159 3.221045
42.283914 3.216467
42.196100 3.208456
42.099300 3.205433
42.012421 3.201771
41.935696 3.208370
41.859649 3.209839
41.821692 3.210554
41.812897 3.215036
41.813634 3.223467
41.843106 3.220005
41.901154 3.220663
41.929991 3.223705
41.978106 3.217030
42.016495 3.215981
42.044928 3.216925
42.044864 3.216906
42.054490 3.212919
42.054546 3.215837
42.026208 3.221684
42.007977 3.223906
41.999081 3.229961
41.971186 3.235521
41.934070 3.234615
41.886720 3.236427
41.829877 3.241520
41.753332 3.240032
41.638472 3.238831
41.513598 3.246174
41.340884 3.250761
41.149023 3.249855
40.937607 3.254929
40.688072 3.262882
40.409803 3.268557
40.112484 3.268080
39.767222 3.278799
39.422347 3.280964
39.038823 3.285189
38.645991 3.289375
38.233541 3.295374
37.821346 3.303881
37.399089 3.311119
36.957859 3.316889
36.506953 3.313999
36.055831 3.312368
35.604841 3.308868
35.134769 3.302879
34.674587 3.283234
34.195222 3.282423
33.744585 3.277740
33.285238 3.266697
32.835279 3.262644
32.375940 3.262053
31.926763 3.255444
31.487042 3.254023
31.038111 3.254719
30.589146 3.241663
30.159311 3.233566
29.719855 3.227215
29.280557 3.223209
28.850542 3.208179
28.420591 3.199091
27.990586 3.191319
27.570414 3.182793
27.169210 3.175268
26.777734 3.175163
26.405374 3.170862
26.052472 3.168764
25.737769 3.174572
25.432634 3.180676
25.175453 3.181610
24.946634 3.186312
24.755994 3.189449
24.565349 3.174553
24.383928 3.165255
24.211929 3.160849
24.011201 3.157415
23.819758 3.151913
23.609062 3.148470
23.379351 3.143253
23.140231 3.126202
22.901152 3.114157
22.652642 3.107901
22.404447 3.095541
22.166026 3.090334
21.918092 3.087492
21.708735 3.076477
21.499676 3.064890
21.319274 3.057318
21.139196 3.046474
20.987908 3.026037
20.865144 3.015118
20.732933 3.002872
20.610403 2.994814
20.487607 2.980547
20.383742 2.976599
20.260904 2.972288
20.157199 2.968235
20.034258 2.975998
19.920818 2.977819
19.797676 2.974167
19.674147 2.981405
19.540942 2.990246
19.417544 2.991180
19.284056 2.990246
19.140993 2.998562
18.988616 2.998381
18.845435 2.998171
18.692611 3.001366
18.530197 2.998590
18.358259 2.991190
18.195545 2.984715
18.004124 2.977943
17.822480 2.968206
17.640652 2.960901
17.458902 2.958517
17.267604 2.945881
17.076281 2.927809
16.903763 2.928934
16.721915 2.936430
16.568668 2.933025
16.415469 2.938299
16.290936 2.940769
16.147423 2.938423
16.032583 2.933607
15.917604 2.930784
15.793136 2.919302
15.678300 2.916994
15.544383 2.910843
15.419770 2.904720
15.276335 2.893705
15.123130 2.889814
14.960318 2.893610
14.807061 2.884426
14.634472 2.879486
14.452411 2.879610
14.279873 2.874336
14.116724 2.869720
13.953726 2.872047
13.771284 2.865868
13.627384 2.858591
13.473981 2.854319
13.329939 2.859573
13.195603 2.854042
13.070831 2.849979
12.955584 2.852087
12.840530 2.848148
12.734958 2.842236
12.629322 2.843924
12.542909 2.839651
12.446914 2.836218
12.350944 2.836533
12.264258 2.838144
12.168301 2.829008
12.072025 2.820873
11.966089 2.812510
11.850827 2.800417
11.754356 2.789001
11.638778 2.790318
11.494553 2.787418
11.388707 2.781057
11.263620 2.782097
11.138450 2.784290
11.004062 2.773581
10.888771 2.764111
10.763870 2.757349
10.658305 2.744160
10.543329 2.739038
10.418707 2.725744
10.313361 2.719402
10.188914 2.694864
10.093258 2.672129
9.968861 2.657890
9.863851 2.647943
9.768351 2.630835
9.663235 2.627649
9.567889 2.619429
9.482152 2.610636
9.387046 2.612028
9.310857 2.607241
9.244502 2.595091
9.187660 2.585802
9.130638 2.581291
9.054760 2.569418
8.988334 2.561302
8.931160 2.560816
8.864355 2.543659
8.788161 2.526474
8.702139 2.520418
8.597055 2.497883
8.511114 2.477951
8.396307 2.459402
8.281417 2.440691
8.166587 2.422762
8.042329 2.411175
7.917878 2.408466
7.793462 2.410517
7.669310 2.400732
7.554513 2.398510
7.439830 2.401752
7.325336 2.390680
7.220243 2.375946
7.105926 2.371540
7.010651 2.355165
6.925111 2.337561
6.848889 2.327642
6.772561 2.315445
6.706075 2.296410
6.630015 2.282047
6.553675 2.266626
6.487092 2.246323
6.420300 2.240362
6.343913 2.245407
6.277079 2.226391
6.200604 2.198544
6.123964 2.186317
6.057144 2.173567
5.990059 2.167673
5.903909 2.170467
5.827199 2.175102
5.760360 2.164631
5.693349 2.164993
5.626211 2.172413
5.568799 2.162209
5.511502 2.151918
5.463636 2.150011
5.415994 2.134695
5.377966 2.127180
5.320758 2.130947
5.273207 2.129250
5.235249 2.128582
5.197414 2.134523
5.159457 2.147684
5.131239 2.139721
5.093348 2.138262
5.055518 2.148209
5.017802 2.147074
4.980049 2.142992
4.961229 2.144156
4.932960 2.139454
4.904586 2.119884
4.876272 2.100763
4.847696 2.072010
4.809482 2.046814
4.780955 2.025661
4.752142 2.048721
4.714088 2.026558
4.666338 2.016478
4.627790 2.027922
4.579939 2.024279
4.522468 2.021790
4.474417 2.013626
4.407343 2.014942
4.349910 2.007961
4.301820 2.002735
4.244548 2.009802
4.187149 2.005892
4.139446 1.998224
4.072597 1.999569
4.034411 2.003489
3.977225 1.993513
3.920073 1.984901
3.872526 1.988029
3.825225 1.957016
3.777744 1.943283
3.720681 1.959200
3.663870 1.965714
3.607203 1.969967
3.569521 1.973848
3.522521 1.978750
3.484927 1.975708
3.466335 2.008228
3.428634 2.011166
3.400669 2.005491
3.372542 1.995401
3.353876 2.010260
3.296996 2.002592
3.278392 1.989679
3.240618 1.994915
3.202538 1.992445
3.155107 1.980057
3.136313 1.985197
3.079048 1.970854
3.041085 1.965446
3.002964 1.950693
2.955304 1.939011
2.907667 1.909981
2.860093 1.890888
2.821997 1.879177
2.783885 1.867075
2.736353 1.837759
2.707776 1.809921
2.650792 1.792707
2.612818 1.759081
2.574701 1.741199
2.536674 1.739855
2.508208 1.733303
2.489237 1.722069
2.451146 1.727047
2.422535 1.725063
2.394256 1.717358
2.375184 1.713343
2.346564 1.721392
2.327627 1.707067
2.308754 1.705074
2.280067 1.685982
2.241951 1.673965
2.222732 1.655922
2.184518 1.651649
2.155671 1.634579
2.136569 1.591911
2.098109 1.586437
2.059589 1.581163
2.030730 1.534672
2.001873 1.431913
1.972933 1.481714
1.925021 1.410255
1.896112 1.399889
1.867134 1.423454
1.838206 1.422348
1.799754 1.422005
1.770867 1.440744
1.751544 1.446486
1.732406 1.440601
1.713158 1.434250
1.694017 1.440191
1.665285 1.406651
1.646141 1.424351
1.626931 1.430483
1.617460 1.401329
1.598530 1.345139
1.589086 1.326551
1.560460 1.325808
1.551155 1.300030
1.541758 1.290474
1.532290 1.287966
1.513455 1.277628
1.504149 1.250467
1.485162 1.239643
1.456661 1.221094
1.447451 1.193991
1.438006 1.152039
1.418986 1.135273
1.400191 1.074238
1.390736 1.051283
1.371717 1.019773
1.352804 1.000128
1.333710 0.981483
1.324115 0.980768
1.305274 0.968065
1.286268 0.950375
1.276627 0.940514
1.248099 0.913572
1.238701 0.880814
1.238649 0.853119
1.229177 0.775061
1.219598 0.635109
1.210116 0.559301
1.190958 0.546932
1.181429 0.516634
1.171956 0.492668
1.172002 0.494537
1.152857 0.498915
1.143449 0.475340
1.143297 0.472345
1.114677 0.472279
1.114648 0.456810
1.095556 0.450659
1.085886 0.450916
1.076527 0.454798
1.076677 0.408335
1.067120 0.368977
1.057600 0.366364
1.038485 0.351582
1.019461 0.345564
1.009952 0.343885
0.990751 0.329456
0.990730 0.319042
0.971593 0.312748
0.971744 0.308714
0.942978 0.294495
0.933469 0.286856
0.914327 0.276976
0.904807 0.254564
0.895244 0.219650
0.885761 0.220146
0.876171 0.205965
0.866827 0.207415
0.857302 0.190163
0.847813 0.135431
0.857446 0.120277
0.838442 0.098648
0.828863 0.105591
0.819283 0.097971
0.819407 0.097389
0.790797 0.107555
0.771820 0.098600
0.762369 0.089455
0.752528 0.095434
0.714363 0.095043
0.685760 0.086107
0.676083 0.094604
0.656844 0.101967
0.647351 0.094452
0.637650 0.092993
0.618443 0.100498
0.589796 0.090494
0.570604 0.085430
0.551345 0.092802
0.541707 0.092793
0.522710 0.085154
0.503573 0.090046
0.474896 0.094929
0.465418 0.087080
0.446347 0.089779
0.436880 0.101337
0.417774 0.096073
0.408239 0.087185
0.379394 0.095224
0.360420 0.095930
0.350914 0.086231
0.331596 0.092812
0.312544 0.098085
0.302998 0.089293
0.293356 0.088072
0.274191 0.099754
0.274218 0.091419
0.283823 0.089226
0.274217 0.095882
0.274181 0.094500
0.274316 0.083609
0.274270 0.088415
0.264707 0.098763
0.255170 0.084248
0.274114 0.085554
0.254881 0.095501
0.245388 0.086832
0.235770 0.080614
0.216758 0.089188
0.207019 0.098848
0.187882 0.091038
0.178196 0.098810
0.149411 0.101757
0.139997 0.092525
0.130336 0.087891
0.120643 0.096407
0.110963 0.092535
0.101329 0.086365
0.110887 0.094233
0.091667 0.093393
0.101224 0.084982
0.101123 0.094433
0.101139 0.102491
0.101054 0.094757
0.110470 0.093899
0.100857 0.104914
